pixel 	Counts (time normalized) 	
0 	38817.346 	
1 	38822.731 	
2 	38826.192 	
3 	38813.769 	
4 	38815.808 	
5 	38813.577 	
6 	38814.846 	
7 	38809.077 	
8 	38821.115 	
9 	38818.731 	
10 	38800.923 	
11 	38815.5 	
12 	38825.308 	
13 	38820.731 	
14 	38803.308 	
15 	38813.769 	
16 	38822.231 	
17 	38817.769 	
18 	38828.308 	
19 	38811.423 	
20 	38823.077 	
21 	38818.423 	
22 	38812.115 	
23 	38822.462 	
24 	38796.577 	
25 	38820.308 	
26 	38804.846 	
27 	38814.346 	
28 	38808.346 	
29 	38822.192 	
30 	38809.615 	
31 	38814.192 	
32 	38810.769 	
33 	38828.962 	
34 	38812.654 	
35 	38807.692 	
36 	38804.654 	
37 	38823.308 	
38 	38827.615 	
39 	38811.5 	
40 	38816.308 	
41 	38801.577 	
42 	38802.346 	
43 	38805.923 	
44 	38798.038 	
45 	38805.731 	
46 	38792.462 	
47 	38806.346 	
48 	38808 	
49 	38818.731 	
50 	38820.154 	
51 	38835.846 	
52 	38854.538 	
53 	38798.192 	
54 	38811.423 	
55 	38794.115 	
56 	38808.154 	
57 	38797.923 	
58 	38800.385 	
59 	38802.385 	
60 	38798.077 	
61 	38796.769 	
62 	38806.731 	
63 	38817.462 	
64 	38794.269 	
65 	38784.346 	
66 	38789.615 	
67 	38792.385 	
68 	38809.038 	
69 	38805.231 	
70 	38798.115 	
71 	38826.192 	
72 	38836.192 	
73 	38817.846 	
74 	38801.654 	
75 	38804.192 	
76 	38810.385 	
77 	38797.346 	
78 	38783.923 	
79 	38777.885 	
80 	38803.769 	
81 	38797.577 	
82 	38790.423 	
83 	38786.731 	
84 	38780.231 	
85 	38769.692 	
86 	38771.846 	
87 	38776.885 	
88 	38800.846 	
89 	38784.923 	
90 	38785.154 	
91 	38789.154 	
92 	38783.885 	
93 	38772.269 	
94 	38783.192 	
95 	38788.577 	
96 	38772.308 	
97 	38762.5 	
98 	38783.769 	
99 	38778.462 	
100 	38803.308 	
101 	38787.154 	
102 	38769.346 	
103 	38785.231 	
104 	38775.731 	
105 	38771.769 	
106 	38775.385 	
107 	38770.231 	
108 	38776.5 	
109 	38778.923 	
110 	38747.923 	
111 	38764.077 	
112 	38761.346 	
113 	38759.077 	
114 	38772.615 	
115 	38769.692 	
116 	38777.269 	
117 	38762.538 	
118 	38761.269 	
119 	38758.5 	
120 	38762.615 	
121 	38774.962 	
122 	38746.962 	
123 	38765.692 	
124 	38755.385 	
125 	38766.808 	
126 	38770.538 	
127 	38744.192 	
128 	38757.385 	
129 	38742.808 	
130 	38764.615 	
131 	38746.692 	
132 	38753.615 	
133 	38752.154 	
134 	38765.077 	
135 	38757.115 	
136 	38780.808 	
137 	38771.115 	
138 	38773.615 	
139 	38748.769 	
140 	38746.423 	
141 	38739.423 	
142 	38754.538 	
143 	38767.423 	
144 	38760.192 	
145 	38749.923 	
146 	38765.308 	
147 	38747.808 	
148 	38752.423 	
149 	38739.846 	
150 	38746 	
151 	38761.962 	
152 	38744.615 	
153 	38754.038 	
154 	38756.654 	
155 	38744.962 	
156 	38759.115 	
157 	38754.231 	
158 	38752.577 	
159 	38750.808 	
160 	38734.769 	
161 	38756.769 	
162 	38732.577 	
163 	38750.385 	
164 	38754.346 	
165 	38756.731 	
166 	38755.538 	
167 	38744.538 	
168 	38745.423 	
169 	38754.731 	
170 	38734.462 	
171 	38760 	
172 	38743.154 	
173 	38751.038 	
174 	38761.654 	
175 	38737.154 	
176 	38741.769 	
177 	38735.192 	
178 	38736.962 	
179 	38730.923 	
180 	38739.077 	
181 	38766.462 	
182 	38738.115 	
183 	38736.269 	
184 	38748.731 	
185 	38749.692 	
186 	38746.423 	
187 	38745.154 	
188 	38745.077 	
189 	38762.423 	
190 	38750.423 	
191 	38759.654 	
192 	38741.231 	
193 	38752.577 	
194 	38738.385 	
195 	38733.5 	
196 	38727.846 	
197 	38741.5 	
198 	38730.154 	
199 	38731.462 	
200 	38745.846 	
201 	38738.385 	
202 	38732.885 	
203 	38740.231 	
204 	38743.423 	
205 	38756.038 	
206 	38737 	
207 	38737.308 	
208 	38749.731 	
209 	38740.577 	
210 	38726.577 	
211 	38746.462 	
212 	38735.962 	
213 	38731.692 	
214 	38728.269 	
215 	38735.423 	
216 	38733.231 	
217 	38739.462 	
218 	38747.577 	
219 	38739.385 	
220 	38724.808 	
221 	38729.385 	
222 	38745.577 	
223 	38737.423 	
224 	38752.346 	
225 	38723.923 	
226 	38755.269 	
227 	38730.308 	
228 	38731.846 	
229 	38736.923 	
230 	38722.885 	
231 	38734.923 	
232 	38733.038 	
233 	38739.962 	
234 	38772.5 	
235 	38734.231 	
236 	38729.269 	
237 	38722.846 	
238 	38731.654 	
239 	38726.462 	
240 	38733.615 	
241 	38727.308 	
242 	38737.115 	
243 	38718.846 	
244 	38756.308 	
245 	38729.5 	
246 	38736.423 	
247 	38739.192 	
248 	38726.885 	
249 	38733 	
250 	38721.731 	
251 	38723 	
252 	38722.346 	
253 	38718.923 	
254 	38714.346 	
255 	38742.692 	
256 	38737.231 	
257 	38738.731 	
258 	38742.231 	
259 	38757.385 	
260 	38736.769 	
261 	38744.654 	
262 	38730.038 	
263 	38720.115 	
264 	38727.692 	
265 	38726.923 	
266 	38730.769 	
267 	38730 	
268 	38727.846 	
269 	38739.038 	
270 	38730.5 	
271 	38727.538 	
272 	38725.038 	
273 	38714.885 	
274 	38707.154 	
275 	38700.269 	
276 	38717.577 	
277 	38713.385 	
278 	38716.962 	
279 	38722.538 	
280 	38719.769 	
281 	38722.385 	
282 	38736.769 	
283 	38732.231 	
284 	38709.731 	
285 	38721.462 	
286 	38721.692 	
287 	38717.846 	
288 	38717.654 	
289 	38705.385 	
290 	38727.615 	
291 	38713.462 	
292 	38722.308 	
293 	38725.615 	
294 	38727.846 	
295 	38720.808 	
296 	38720.115 	
297 	38698.154 	
298 	38728.5 	
299 	38728.115 	
300 	38723.462 	
301 	38724.385 	
302 	38714.538 	
303 	38725.731 	
304 	38717.154 	
305 	38724.269 	
306 	38724.846 	
307 	38734 	
308 	38751.5 	
309 	38740.615 	
310 	38721.654 	
311 	38711.654 	
312 	38722.269 	
313 	38725.692 	
314 	38725.962 	
315 	38720.154 	
316 	38716.115 	
317 	38711.077 	
318 	38731.269 	
319 	38704.692 	
320 	38724.269 	
321 	38700.462 	
322 	38714.038 	
323 	38711.808 	
324 	38701.654 	
325 	38726.808 	
326 	38718.577 	
327 	38725.846 	
328 	38716.077 	
329 	38702.731 	
330 	38713.538 	
331 	38707.846 	
332 	38720.577 	
333 	38715.038 	
334 	38718.769 	
335 	38710.154 	
336 	38717.038 	
337 	38716.808 	
338 	38714.5 	
339 	38700.115 	
340 	38707.962 	
341 	38718.308 	
342 	38711.038 	
343 	38705.615 	
344 	38691.346 	
345 	38704 	
346 	38717.769 	
347 	38706.115 	
348 	38697.615 	
349 	38701.154 	
350 	38694.385 	
351 	38699.077 	
352 	38716 	
353 	38722.577 	
354 	38724.962 	
355 	38702.808 	
356 	38715.038 	
357 	38731.769 	
358 	38727.038 	
359 	38725 	
360 	38707 	
361 	38697.423 	
362 	38695.769 	
363 	38706.808 	
364 	38691.462 	
365 	38697.923 	
366 	38699.654 	
367 	38712.692 	
368 	38704.115 	
369 	38698.077 	
370 	38704.192 	
371 	38704.462 	
372 	38708.269 	
373 	38725.462 	
374 	38705.462 	
375 	38706.192 	
376 	38708.269 	
377 	38708.154 	
378 	38701.731 	
379 	38716.846 	
380 	38714.846 	
381 	38707.192 	
382 	38710.308 	
383 	38721.692 	
384 	38695.5 	
385 	38697.5 	
386 	38704.154 	
387 	38703.192 	
388 	38700.192 	
389 	38694.308 	
390 	38714.038 	
391 	38694.885 	
392 	38714.962 	
393 	38701.154 	
394 	38712.654 	
395 	38700.5 	
396 	38701.462 	
397 	38720.192 	
398 	38720.038 	
399 	38713.769 	
400 	38700.308 	
401 	38710.885 	
402 	38733.654 	
403 	38715.885 	
404 	38710.808 	
405 	38699.885 	
406 	38706.769 	
407 	38721.962 	
408 	38698.385 	
409 	38703.538 	
410 	38732.769 	
411 	38700.5 	
412 	38702.308 	
413 	38707.231 	
414 	38714.731 	
415 	38706 	
416 	38706.923 	
417 	38693.769 	
418 	38704.654 	
419 	38705.077 	
420 	38711.885 	
421 	38700.923 	
422 	38705.923 	
423 	38697.808 	
424 	38692.692 	
425 	38698 	
426 	38701.885 	
427 	38702.577 	
428 	38703.808 	
429 	38693.115 	
430 	38702.962 	
431 	38699.115 	
432 	38712.615 	
433 	38697.731 	
434 	38690.5 	
435 	38698.692 	
436 	38696.5 	
437 	38706.654 	
438 	38700.346 	
439 	38710.154 	
440 	38706.731 	
441 	38694.115 	
442 	38700.846 	
443 	38704.192 	
444 	38699.885 	
445 	38692.923 	
446 	38708.692 	
447 	38697.654 	
448 	38703.923 	
449 	38706.308 	
450 	38706.077 	
451 	38692.308 	
452 	38722.654 	
453 	38702.538 	
454 	38701.308 	
455 	38690.308 	
456 	38713.654 	
457 	38714.923 	
458 	38717.231 	
459 	38713.192 	
460 	38709.615 	
461 	38693.115 	
462 	38705.692 	
463 	38694.423 	
464 	38699.615 	
465 	38690.808 	
466 	38702.769 	
467 	38700.538 	
468 	38698.923 	
469 	38704.731 	
470 	38711.154 	
471 	38692.692 	
472 	38688.731 	
473 	38697.269 	
474 	38695.731 	
475 	38684.654 	
476 	38712.385 	
477 	38687.192 	
478 	38711.846 	
479 	38707.231 	
480 	38695.538 	
481 	38702.692 	
482 	38698.038 	
483 	38698.154 	
484 	38702.885 	
485 	38693.5 	
486 	38711.538 	
487 	38694.154 	
488 	38703.923 	
489 	38693.385 	
490 	38696.462 	
491 	38710.769 	
492 	38694.769 	
493 	38697.615 	
494 	38716.692 	
495 	38698.962 	
496 	38701.231 	
497 	38704.5 	
498 	38701.462 	
499 	38699.692 	
500 	38690.846 	
501 	38689.462 	
502 	38694.385 	
503 	38687 	
504 	38701.308 	
505 	38689.385 	
506 	38713.154 	
507 	38691.654 	
508 	38702.462 	
509 	38697.654 	
510 	38710.154 	
511 	38732.115 	
512 	38700.846 	
513 	38696.385 	
514 	38709.269 	
515 	38675.577 	
516 	38692.115 	
517 	38709.462 	
518 	38708.462 	
519 	38682.885 	
520 	38686.346 	
521 	38696.808 	
522 	38685.346 	
523 	38696.231 	
524 	38707.769 	
525 	38692.154 	
526 	38679.769 	
527 	38690.769 	
528 	38702.115 	
529 	38696.269 	
530 	38713.077 	
531 	38723.385 	
532 	38681.769 	
533 	38697.692 	
534 	38694.538 	
535 	38705.885 	
536 	38704.077 	
537 	38690.846 	
538 	38704.423 	
539 	38685.346 	
540 	38703.462 	
541 	38691.692 	
542 	38698.577 	
543 	38698.231 	
544 	38681 	
545 	38691.962 	
546 	38693.038 	
547 	38706.385 	
548 	38700.692 	
549 	38690.538 	
550 	38702.038 	
551 	38691.615 	
552 	38701.154 	
553 	38699.808 	
554 	38695 	
555 	38698.231 	
556 	38700.077 	
557 	38708.115 	
558 	38702.462 	
559 	38702.962 	
560 	38712.231 	
561 	38700.115 	
562 	38720 	
563 	38699.462 	
564 	38704.346 	
565 	38703.346 	
566 	38698.038 	
567 	38693.308 	
568 	38703.615 	
569 	38681.885 	
570 	38705.846 	
571 	38685.231 	
572 	38685 	
573 	38689.462 	
574 	38692.885 	
575 	38696.923 	
576 	38697.808 	
577 	38686.692 	
578 	38701.077 	
579 	38699.038 	
580 	38695.615 	
581 	38707.923 	
582 	38710 	
583 	38685.231 	
584 	38696.885 	
585 	38678.462 	
586 	38702.231 	
587 	38689.462 	
588 	38681.923 	
589 	38701.038 	
590 	38695.5 	
591 	38683.769 	
592 	38667.308 	
593 	38704.115 	
594 	38685.731 	
595 	38685.962 	
596 	38700.962 	
597 	38691.962 	
598 	38683.538 	
599 	38698.769 	
600 	38708.038 	
601 	38687.423 	
602 	38693.923 	
603 	38677.269 	
604 	38690.923 	
605 	38685.231 	
606 	38682.769 	
607 	38698.692 	
608 	38676.423 	
609 	38695.885 	
610 	38697.115 	
611 	38676.192 	
612 	38690.346 	
613 	38685.5 	
614 	38678 	
615 	38691.731 	
616 	38690.423 	
617 	38685.5 	
618 	38676 	
619 	38689.846 	
620 	38692.692 	
621 	38682.346 	
622 	38696.269 	
623 	38711 	
624 	38694.615 	
625 	38701.923 	
626 	38707.346 	
627 	38719.769 	
628 	38696 	
629 	38673.846 	
630 	38685.346 	
631 	38678.808 	
632 	38684.269 	
633 	38689.962 	
634 	38697.731 	
635 	38692.192 	
636 	38659 	
637 	38701.654 	
638 	38689.577 	
639 	38679.615 	
640 	38676.577 	
641 	38688.462 	
642 	38702.308 	
643 	38697.962 	
644 	38684.692 	
645 	38691.231 	
646 	38685.346 	
647 	38681.308 	
648 	38693.192 	
649 	38713.808 	
650 	38684.962 	
651 	38696.808 	
652 	38676.038 	
653 	38696.192 	
654 	38695 	
655 	38686.192 	
656 	38684.654 	
657 	38690 	
658 	38674.577 	
659 	38671.038 	
660 	38686.731 	
661 	38689.462 	
662 	38680.077 	
663 	38678 	
664 	38681.577 	
665 	38692.038 	
666 	38676.692 	
667 	38674.538 	
668 	38671.269 	
669 	38690.731 	
670 	38677.654 	
671 	38678.346 	
672 	38694.692 	
673 	38683.385 	
674 	38687.154 	
675 	38691.077 	
676 	38688.731 	
677 	38685.269 	
678 	38696.846 	
679 	38672.577 	
680 	38675.423 	
681 	38686.038 	
682 	38677.654 	
683 	38696.731 	
684 	38681.423 	
685 	38671.731 	
686 	38679.115 	
687 	38690.923 	
688 	38688.308 	
689 	38676.038 	
690 	38691.769 	
691 	38687.269 	
692 	38692.269 	
693 	38728.5 	
694 	38885.385 	
695 	38983.962 	
696 	38889.269 	
697 	38734.654 	
698 	38681.654 	
699 	38698.038 	
700 	38675.538 	
701 	38684.808 	
702 	38694.654 	
703 	38694.846 	
704 	38684.385 	
705 	38686.769 	
706 	38692.038 	
707 	38671.923 	
708 	38698.346 	
709 	38779 	
710 	38931.923 	
711 	38930.654 	
712 	38785.077 	
713 	38704.154 	
714 	38698.154 	
715 	38681.962 	
716 	38677.808 	
717 	38699.923 	
718 	38680.962 	
719 	38688 	
720 	38697.808 	
721 	38680.346 	
722 	38719.923 	
723 	38682.346 	
724 	38735.538 	
725 	38904.308 	
726 	38976.077 	
727 	38821.846 	
728 	38722.538 	
729 	38680.5 	
730 	38679.231 	
731 	38690.615 	
732 	38676.846 	
733 	38680.462 	
734 	38687.962 	
735 	38687 	
736 	38691.808 	
737 	38694.577 	
738 	38670.423 	
739 	38695.115 	
740 	38744.923 	
741 	38904.308 	
742 	38944.423 	
743 	38782.885 	
744 	38715 	
745 	38685.5 	
746 	38689.692 	
747 	38682.192 	
748 	38687.231 	
749 	38684.192 	
750 	38679.615 	
751 	38682.885 	
752 	38687.846 	
753 	38668.769 	
754 	38680.462 	
755 	38699.385 	
756 	38786.462 	
757 	38904.654 	
758 	38890.5 	
759 	38740.769 	
760 	38690.346 	
761 	38679.385 	
762 	38692 	
763 	38698.346 	
764 	38675.385 	
765 	38687.962 	
766 	38674.192 	
767 	38716.308 	
768 	38686.769 	
769 	38687.154 	
770 	38686.423 	
771 	38743.731 	
772 	38850.038 	
773 	38947.538 	
774 	38884.269 	
775 	38736.231 	
776 	38689.308 	
777 	38695.808 	
778 	38704.308 	
779 	38711.885 	
780 	38688.808 	
781 	38687.538 	
782 	38682.192 	
783 	38682.615 	
784 	38694.692 	
785 	38705.038 	
786 	38722 	
787 	38862.731 	
788 	39098.346 	
789 	39144.808 	
790 	39004.308 	
791 	38885.115 	
792 	38865.077 	
793 	38816.923 	
794 	38811.269 	
795 	38820.538 	
796 	38819 	
797 	38799.192 	
798 	38786.615 	
799 	38796.654 	
800 	38803.885 	
801 	38817.308 	
802 	38847.5 	
803 	39036.077 	
804 	39291.269 	
805 	39235.462 	
806 	38993.923 	
807 	38844.692 	
808 	38853.846 	
809 	38805.308 	
810 	38806.769 	
811 	38823.923 	
812 	38833.077 	
813 	38798 	
814 	38785.769 	
815 	38852.346 	
816 	38802.077 	
817 	38833.923 	
818 	38875.962 	
819 	39063.462 	
820 	39289.038 	
821 	39256.231 	
822 	39088.308 	
823 	39000.231 	
824 	38997.923 	
825 	39051.038 	
826 	39080 	
827 	39024.231 	
828 	38986.615 	
829 	39002.962 	
830 	39043.769 	
831 	39094.192 	
832 	39184.423 	
833 	39209.192 	
834 	39330.077 	
835 	39635.962 	
836 	39898.885 	
837 	39880.346 	
838 	39843.346 	
839 	39920.231 	
840 	40094.769 	
841 	40246.077 	
842 	40446.923 	
843 	40664.077 	
844 	40978.808 	
845 	41359.385 	
846 	41706.846 	
847 	42041.577 	
848 	42359.385 	
849 	42488.577 	
850 	42295.577 	
851 	42093.538 	
852 	41978.115 	
853 	41767.962 	
854 	41613.077 	
855 	41721.692 	
856 	41743.192 	
857 	41596.423 	
858 	41341.231 	
859 	41249.308 	
860 	41116.115 	
861 	41031.654 	
862 	41230.731 	
863 	41272.808 	
864 	41160.577 	
865 	41064 	
866 	40842.846 	
867 	40725.654 	
868 	40703.385 	
869 	40615.769 	
870 	40416 	
871 	40134.769 	
872 	40004.808 	
873 	39991.962 	
874 	40029.808 	
875 	40022.192 	
876 	40086.385 	
877 	40032.808 	
878 	40007.923 	
879 	40054.615 	
880 	40116.154 	
881 	40189.885 	
882 	40192.192 	
883 	40229.5 	
884 	40320.808 	
885 	40390.308 	
886 	40110 	
887 	39908.846 	
888 	39830.538 	
889 	39827.885 	
890 	39719.115 	
891 	39705.615 	
892 	39714.308 	
893 	39638.846 	
894 	39612.846 	
895 	39694.308 	
896 	39635.346 	
897 	39549.462 	
898 	39441.231 	
899 	39359.5 	
900 	39354.538 	
901 	39420.846 	
902 	39404.346 	
903 	39194.077 	
904 	39102.192 	
905 	39050.885 	
906 	39046.231 	
907 	39020.308 	
908 	38992.615 	
909 	38967.962 	
910 	38939.462 	
911 	38937.462 	
912 	38893.038 	
913 	38914.731 	
914 	38886.423 	
915 	38870.846 	
916 	38865 	
917 	38947.231 	
918 	39091.154 	
919 	38975.692 	
920 	38876.423 	
921 	38805.923 	
922 	38761.885 	
923 	38725.885 	
924 	38757.269 	
925 	38751.808 	
926 	38762.308 	
927 	38739.962 	
928 	38730.769 	
929 	38737.731 	
930 	38745.538 	
931 	38759.769 	
932 	38732.308 	
933 	38736.923 	
934 	38885.654 	
935 	38953.808 	
936 	38849.269 	
937 	38743.846 	
938 	38700.077 	
939 	38684.731 	
940 	38721.346 	
941 	38689.923 	
942 	38704.885 	
943 	38701.5 	
944 	38703.269 	
945 	38737.808 	
946 	38698.769 	
947 	38682.423 	
948 	38695.462 	
949 	38712.346 	
950 	38767.154 	
951 	38897.423 	
952 	38881.654 	
953 	38792.731 	
954 	38703.192 	
955 	38672.538 	
956 	38689.615 	
957 	38692.192 	
958 	38695.5 	
959 	38684.423 	
960 	38673.269 	
961 	38675.808 	
962 	38676.038 	
963 	38677.115 	
964 	38679.885 	
965 	38674.231 	
966 	38679.962 	
967 	38762.885 	
968 	38888.615 	
969 	38847.731 	
970 	38769.577 	
971 	38695.385 	
972 	38667.115 	
973 	38692.423 	
974 	38686.423 	
975 	38683.346 	
976 	38703.769 	
977 	38683.962 	
978 	38680.731 	
979 	38684.038 	
980 	38692.615 	
981 	38693.231 	
982 	38697.962 	
983 	38715.346 	
984 	38814.654 	
985 	38914.038 	
986 	38890.808 	
987 	38760.962 	
988 	38688.846 	
989 	38672.5 	
990 	38671.077 	
991 	38680.731 	
992 	38697.077 	
993 	38668.231 	
994 	38684.731 	
995 	38669.231 	
996 	38683.5 	
997 	38684.154 	
998 	38690.154 	
999 	38684.192 	
1000 	38707 	
1001 	38798.731 	
1002 	38860.962 	
1003 	38832.923 	
1004 	38711.577 	
1005 	38680.269 	
1006 	38675.885 	
1007 	38679.654 	
1008 	38688.423 	
1009 	38689.577 	
1010 	38694.115 	
1011 	38689.808 	
1012 	38679.923 	
1013 	38690.615 	
1014 	38672.192 	
1015 	38679.154 	
1016 	38694.731 	
1017 	38677.308 	
1018 	38746.154 	
1019 	38826.038 	
1020 	38850.423 	
1021 	38743.5 	
1022 	38701.615 	
1023 	38712.5 	
1024 	38677.154 	
1025 	38692.538 	
1026 	38692.615 	
1027 	38675.192 	
1028 	38674.231 	
1029 	38680.962 	
1030 	38686.615 	
1031 	38680.462 	
1032 	38685.077 	
1033 	38676.077 	
1034 	38699.154 	
1035 	38726.769 	
1036 	38874.923 	
1037 	38845.692 	
1038 	38791.654 	
1039 	38711.462 	
1040 	38682.769 	
1041 	38669.077 	
1042 	38666.808 	
1043 	38691.692 	
1044 	38672.385 	
1045 	38697.269 	
1046 	38681.808 	
1047 	38678.231 	
1048 	38696.962 	
1049 	38691.808 	
1050 	38690.808 	
1051 	38696.231 	
1052 	38697.885 	
1053 	38761.269 	
1054 	38837.923 	
1055 	38792.423 	
1056 	38699.192 	
1057 	38669.808 	
1058 	38671.692 	
1059 	38671.231 	
1060 	38662.385 	
1061 	38675.308 	
1062 	38660.154 	
1063 	38677.962 	
1064 	38662.038 	
1065 	38674.115 	
1066 	38667.654 	
1067 	38662.5 	
1068 	38652.385 	
1069 	38701.077 	
1070 	38723.577 	
1071 	38799.385 	
1072 	38807.885 	
1073 	38741.962 	
1074 	38669.731 	
1075 	38694.769 	
1076 	38681.654 	
1077 	38675.231 	
1078 	38662.615 	
1079 	38674.308 	
1080 	38663.5 	
1081 	38652.5 	
1082 	38665.308 	
1083 	38663.577 	
1084 	38679.923 	
1085 	38661.231 	
1086 	38664.808 	
1087 	38672.577 	
1088 	38726.923 	
1089 	38773.346 	
1090 	38755.423 	
1091 	38703.154 	
1092 	38671.808 	
1093 	38677.423 	
1094 	38678.231 	
1095 	38668.885 	
1096 	38676.346 	
1097 	38666.538 	
1098 	38660 	
1099 	38663.654 	
1100 	38662.385 	
1101 	38655.038 	
1102 	38663.962 	
1103 	38668.846 	
1104 	38669.769 	
1105 	38679.885 	
1106 	38731.308 	
1107 	38752.538 	
1108 	38702.769 	
1109 	38663.692 	
1110 	38658.615 	
1111 	38663.692 	
1112 	38665.5 	
1113 	38652.577 	
1114 	38678.692 	
1115 	38663.269 	
1116 	38673.423 	
1117 	38653.154 	
1118 	38667.615 	
1119 	38655.731 	
1120 	38649.462 	
1121 	38654.154 	
1122 	38663.423 	
1123 	38671 	
1124 	38667.577 	
1125 	38665.423 	
1126 	38656.5 	
1127 	38664.5 	
1128 	38658.154 	
1129 	38657.462 	
1130 	38656.154 	
1131 	38650.577 	
1132 	38659.077 	
1133 	38665.962 	
1134 	38652.5 	
1135 	38666.808 	
1136 	38673.462 	
1137 	38674.885 	
1138 	38663.038 	
1139 	38669.615 	
1140 	38670.962 	
1141 	38646.462 	
1142 	38656.577 	
1143 	38656.423 	
1144 	38658.038 	
1145 	38661.692 	
1146 	38673.231 	
1147 	38652.731 	
1148 	38645.308 	
1149 	38658.962 	
1150 	38682.269 	
1151 	38641.077 	
1152 	38656.846 	
1153 	38660.154 	
1154 	38646.577 	
1155 	38651.654 	
1156 	38645.962 	
1157 	38650.385 	
1158 	38656.077 	
1159 	38661.885 	
1160 	38656.423 	
1161 	38642.192 	
1162 	38649.269 	
1163 	38659.692 	
1164 	38654.269 	
1165 	38656.385 	
1166 	38664.077 	
1167 	38656.538 	
1168 	38661.192 	
1169 	38654.692 	
1170 	38637.692 	
1171 	38648.577 	
1172 	38663.077 	
1173 	38653.038 	
1174 	38655.231 	
1175 	38653.308 	
1176 	38652.769 	
1177 	38671.231 	
1178 	38668.269 	
1179 	38660.615 	
1180 	38652.577 	
1181 	38669.192 	
1182 	38643.154 	
1183 	38654.923 	
1184 	38662.808 	
1185 	38647.962 	
1186 	38653.769 	
1187 	38670.5 	
1188 	38665.808 	
1189 	38661.423 	
1190 	38657.962 	
1191 	38660.615 	
1192 	38660.769 	
1193 	38651.923 	
1194 	38644.577 	
1195 	38655.385 	
1196 	38653.885 	
1197 	38664.731 	
1198 	38659.538 	
1199 	38667.654 	
1200 	38641.885 	
1201 	38640.769 	
1202 	38657.538 	
1203 	38653.923 	
1204 	38669.077 	
1205 	38676.269 	
1206 	38647.654 	
1207 	38651.385 	
1208 	38651.346 	
1209 	38658.885 	
1210 	38650.962 	
1211 	38639.423 	
1212 	38649.885 	
1213 	38644.038 	
1214 	38658.923 	
1215 	38654.231 	
1216 	38650.577 	
1217 	38637.692 	
1218 	38655.769 	
1219 	38643.038 	
1220 	38647.538 	
1221 	38648.538 	
1222 	38652.731 	
1223 	38668.462 	
1224 	38648.5 	
1225 	38655.231 	
1226 	38653 	
1227 	38648.731 	
1228 	38649.269 	
1229 	38662.962 	
1230 	38666.308 	
1231 	38663.654 	
1232 	38646.654 	
1233 	38641.538 	
1234 	38640.192 	
1235 	38642.154 	
1236 	38661.577 	
1237 	38648.885 	
1238 	38641.038 	
1239 	38653.115 	
1240 	38642.538 	
1241 	38653.5 	
1242 	38647.654 	
1243 	38653.885 	
1244 	38649.269 	
1245 	38640.885 	
1246 	38643.192 	
1247 	38651.846 	
1248 	38667 	
1249 	38660.038 	
1250 	38649.385 	
1251 	38651.962 	
1252 	38655.692 	
1253 	38671.808 	
1254 	38661.115 	
1255 	38658.115 	
1256 	38649 	
1257 	38653.462 	
1258 	38644.769 	
1259 	38644.885 	
1260 	38663.808 	
1261 	38641.308 	
1262 	38659.192 	
1263 	38661.962 	
1264 	38651.923 	
1265 	38655.077 	
1266 	38650.346 	
1267 	38662.423 	
1268 	38654.154 	
1269 	38662.5 	
1270 	38654.731 	
1271 	38651.615 	
1272 	38651.077 	
1273 	38654.192 	
1274 	38640.192 	
1275 	38633.769 	
1276 	38644.423 	
1277 	38645 	
1278 	38648.577 	
1279 	38663.385 	
1280 	38640.577 	
1281 	38647.923 	
1282 	38653.962 	
1283 	38645.846 	
1284 	38660.308 	
1285 	38651.154 	
1286 	38657.423 	
1287 	38641.038 	
1288 	38649.231 	
1289 	38648.423 	
1290 	38647.923 	
1291 	38664 	
1292 	38653.462 	
1293 	38664.192 	
1294 	38642.923 	
1295 	38652.423 	
1296 	38657.885 	
1297 	38645.808 	
1298 	38643.654 	
1299 	38646.385 	
1300 	38644.808 	
1301 	38647.731 	
1302 	38650.923 	
1303 	38653.654 	
1304 	38625.923 	
1305 	38640.077 	
1306 	38640 	
1307 	38654.846 	
1308 	38651.808 	
1309 	38660.923 	
1310 	38647.692 	
1311 	38627.923 	
1312 	38632.5 	
1313 	38639.692 	
1314 	38640.385 	
1315 	38647.769 	
1316 	38650.923 	
1317 	38645.615 	
1318 	38650.846 	
1319 	38657.654 	
1320 	38644.923 	
1321 	38640.731 	
1322 	38652.423 	
1323 	38647.538 	
1324 	38639.385 	
1325 	38653.385 	
1326 	38637.654 	
1327 	38644.038 	
1328 	38645.077 	
1329 	38650.385 	
1330 	38648.5 	
1331 	38628.154 	
1332 	38657.692 	
1333 	38669.769 	
1334 	38642.192 	
1335 	38704.346 	
1336 	38644.385 	
1337 	38641.115 	
1338 	38642.654 	
1339 	38655.577 	
1340 	38616.077 	
1341 	38645.385 	
1342 	38660.808 	
1343 	38650.346 	
1344 	38648.231 	
1345 	38646.538 	
1346 	38636.231 	
1347 	38644.385 	
1348 	38643.731 	
1349 	38660.962 	
1350 	38736.654 	
1351 	39470.077 	
1352 	38721.077 	
1353 	39696.962 	
1354 	38761.731 	
1355 	38663.077 	
1356 	38654.654 	
1357 	38637.115 	
1358 	38659.615 	
1359 	38647.269 	
1360 	38659.731 	
1361 	38641.808 	
1362 	38646.885 	
1363 	38652.038 	
1364 	38630.769 	
1365 	38635.731 	
1366 	38643.808 	
1367 	38655.923 	
1368 	38651.769 	
1369 	38646.462 	
1370 	38628.769 	
1371 	38636.231 	
1372 	38640.231 	
1373 	38645.654 	
1374 	38632.154 	
1375 	38652.346 	
1376 	38650.077 	
1377 	38647 	
1378 	38659.154 	
1379 	38637.346 	
1380 	38639.346 	
1381 	38634.115 	
1382 	38640.615 	
1383 	38645.5 	
1384 	38633.731 	
1385 	38649.385 	
1386 	38652.808 	
1387 	38651.231 	
1388 	38649.538 	
1389 	38639.769 	
1390 	38657.885 	
1391 	38653.308 	
1392 	38642.577 	
1393 	38655.5 	
1394 	38668.654 	
1395 	38659.308 	
1396 	38652.692 	
1397 	38632.385 	
1398 	38644.962 	
1399 	38642.231 	
1400 	38654.231 	
1401 	38646.346 	
1402 	38662.154 	
1403 	38653.192 	
1404 	38653.192 	
1405 	38630.654 	
1406 	38665.192 	
1407 	38649.154 	
1408 	38656.654 	
1409 	38633.5 	
1410 	38634.962 	
1411 	38642.731 	
1412 	38638.538 	
1413 	38653.423 	
1414 	38630.885 	
1415 	38642.538 	
1416 	38647.423 	
1417 	38635.731 	
1418 	38640.154 	
1419 	38652.962 	
1420 	38626.923 	
1421 	38638.769 	
1422 	38645.231 	
1423 	38636.769 	
1424 	38638.038 	
1425 	38649.038 	
1426 	38653.769 	
1427 	38661.923 	
1428 	38655.154 	
1429 	38665.923 	
1430 	38649.423 	
1431 	38646.192 	
1432 	38649.038 	
1433 	38626.885 	
1434 	38655.5 	
1435 	38632.615 	
1436 	38642 	
1437 	38651.654 	
1438 	38645.769 	
1439 	38646.731 	
1440 	38640.885 	
1441 	38648.5 	
1442 	38636 	
1443 	38647.846 	
1444 	38643.462 	
1445 	38661.385 	
1446 	38643.731 	
1447 	38636.423 	
1448 	38641.308 	
1449 	38640.308 	
1450 	38638.038 	
1451 	38640.346 	
1452 	38644.077 	
1453 	38632 	
1454 	38635.769 	
1455 	38640.077 	
1456 	38638.308 	
1457 	38640.154 	
1458 	38643.192 	
1459 	38638.269 	
1460 	38633.115 	
1461 	38646.038 	
1462 	38630.308 	
1463 	38628.346 	
1464 	38643.846 	
1465 	38633.885 	
1466 	38627.038 	
1467 	38649.808 	
1468 	38641.538 	
1469 	38638.038 	
1470 	38648.654 	
1471 	38646.808 	
1472 	38646.346 	
1473 	38637.654 	
1474 	38640.846 	
1475 	38632.731 	
1476 	38646.962 	
1477 	38642.923 	
1478 	38644.115 	
1479 	38653 	
1480 	38625.5 	
1481 	38639.077 	
1482 	38628.731 	
1483 	38645.923 	
1484 	38638.885 	
1485 	38622.846 	
1486 	38646.5 	
1487 	38635.654 	
1488 	38645.692 	
1489 	38641.692 	
1490 	38634.808 	
1491 	38641.654 	
1492 	38633.269 	
1493 	38635.769 	
1494 	38648.308 	
1495 	38629.077 	
1496 	38641.923 	
1497 	38651.654 	
1498 	38634.731 	
1499 	38643.077 	
1500 	38630.115 	
1501 	38655.231 	
1502 	38651.115 	
1503 	38646.192 	
1504 	38644.962 	
1505 	38646.731 	
1506 	38642.846 	
1507 	38638.423 	
1508 	38655.308 	
1509 	38663.538 	
1510 	38658.885 	
1511 	38634.846 	
1512 	38639.462 	
1513 	38637.5 	
1514 	38644.346 	
1515 	38648.692 	
1516 	38646.308 	
1517 	38633.115 	
1518 	38641.423 	
1519 	38646.885 	
1520 	38645.038 	
1521 	38632.308 	
1522 	38638.692 	
1523 	38640.769 	
1524 	38639.115 	
1525 	38652.308 	
1526 	38645.923 	
1527 	38627.846 	
1528 	38632.269 	
1529 	38664.462 	
1530 	38633.308 	
1531 	38635.692 	
1532 	38627.808 	
1533 	38650.731 	
1534 	38637.846 	
1535 	38649.308 	
1536 	38637.654 	
1537 	38654.692 	
1538 	38644.115 	
1539 	38648.154 	
1540 	38662.346 	
1541 	38650.962 	
1542 	38648.077 	
1543 	38633.769 	
1544 	38636.846 	
1545 	38646.346 	
1546 	38665.923 	
1547 	38623.538 	
1548 	38641.115 	
1549 	38638.038 	
1550 	38637.231 	
1551 	38639.846 	
1552 	38642.423 	
1553 	38622.115 	
1554 	38635.308 	
1555 	38643.5 	
1556 	38646.731 	
1557 	38646 	
1558 	38647.115 	
1559 	38629.808 	
1560 	38651.308 	
1561 	38636.462 	
1562 	38650.462 	
1563 	38629.846 	
1564 	38657.154 	
1565 	38636.654 	
1566 	38642.231 	
1567 	38635.962 	
1568 	38635.154 	
1569 	38639.231 	
1570 	38657.423 	
1571 	38640.231 	
1572 	38639.615 	
1573 	38638.308 	
1574 	38657.731 	
1575 	38634.654 	
1576 	38647.038 	
1577 	38653.308 	
1578 	38633.885 	
1579 	38635.462 	
1580 	38657.885 	
1581 	38630.423 	
1582 	38640.115 	
1583 	38653.269 	
1584 	38641.462 	
1585 	38640.423 	
1586 	38636.808 	
1587 	38643.231 	
1588 	38635.692 	
1589 	38631.5 	
1590 	38644.5 	
1591 	38619.538 	
1592 	38633.346 	
1593 	38638.192 	
1594 	38642.308 	
1595 	38629.192 	
1596 	38651.731 	
1597 	38640.385 	
1598 	38664.654 	
1599 	38642.654 	
1600 	38641.192 	
1601 	38655.731 	
1602 	38665.231 	
1603 	38635.192 	
1604 	38646.423 	
1605 	38647 	
1606 	38639.808 	
1607 	38645.231 	
1608 	38625.615 	
1609 	38644.231 	
1610 	38658.962 	
1611 	38650.423 	
1612 	38639.115 	
1613 	38630.615 	
1614 	38641.5 	
1615 	38634.038 	
1616 	38649.308 	
1617 	38638.077 	
1618 	38645 	
1619 	38636.192 	
1620 	38643.654 	
1621 	38639.077 	
1622 	38657.577 	
1623 	38625.808 	
1624 	38649.423 	
1625 	38638.154 	
1626 	38639.923 	
1627 	38628.115 	
1628 	38643.115 	
1629 	38627.385 	
1630 	38639.077 	
1631 	38642.308 	
1632 	38641.231 	
1633 	38651.077 	
1634 	38638.308 	
1635 	38638.808 	
1636 	38651.808 	
1637 	38640.077 	
1638 	38631.077 	
1639 	38634.654 	
1640 	38634.731 	
1641 	38636.077 	
1642 	38633 	
1643 	38640.654 	
1644 	38652.038 	
1645 	38642.423 	
1646 	38656.731 	
1647 	38646.769 	
1648 	38654.962 	
1649 	38651 	
1650 	38649.615 	
1651 	38642.846 	
1652 	38646.885 	
1653 	38630.808 	
1654 	38649.154 	
1655 	38658.154 	
1656 	38639.462 	
1657 	38647.308 	
1658 	38637.077 	
1659 	38642.923 	
1660 	38638.885 	
1661 	38652.5 	
1662 	38659.231 	
1663 	38633.731 	
1664 	38630.462 	
1665 	38648.231 	
1666 	38650.385 	
1667 	38632.385 	
1668 	38650.769 	
1669 	38640.615 	
1670 	38662.962 	
1671 	38641.154 	
1672 	38649.769 	
1673 	38630.692 	
1674 	38648.423 	
1675 	38654.885 	
1676 	38660.269 	
1677 	38650.808 	
1678 	38646.962 	
1679 	38632.846 	
1680 	38650.231 	
1681 	38626.115 	
1682 	38637.154 	
1683 	38635.962 	
1684 	38665.615 	
1685 	38633.808 	
1686 	38644.385 	
1687 	38647.5 	
1688 	38640.769 	
1689 	38646.231 	
1690 	38640.154 	
1691 	38641.769 	
1692 	38649.731 	
1693 	38645.231 	
1694 	38650.192 	
1695 	38631.808 	
1696 	38628.077 	
1697 	38654.615 	
1698 	38638.692 	
1699 	38633.192 	
1700 	38637.962 	
1701 	38648.154 	
1702 	38630.885 	
1703 	38650.423 	
1704 	38657.115 	
1705 	38640.346 	
1706 	38644.192 	
1707 	38644.462 	
1708 	38640.423 	
1709 	38643.654 	
1710 	38629.577 	
1711 	38652.154 	
1712 	38634.654 	
1713 	38641.731 	
1714 	38642.269 	
1715 	38652.615 	
1716 	38639 	
1717 	38653.038 	
1718 	38642.115 	
1719 	38631.5 	
1720 	38635.269 	
1721 	38672.038 	
1722 	38649.731 	
1723 	38648.5 	
1724 	38640.346 	
1725 	38625.615 	
1726 	38658.962 	
1727 	38638.423 	
1728 	38646.154 	
1729 	38661.962 	
1730 	38646.269 	
1731 	38636.423 	
1732 	38635.346 	
1733 	38642.231 	
1734 	38643.115 	
1735 	38634.654 	
1736 	38635.885 	
1737 	38641.731 	
1738 	38651.962 	
1739 	38647.154 	
1740 	38645.308 	
1741 	38640.923 	
1742 	38627.615 	
1743 	38650.423 	
1744 	38650.385 	
1745 	38631.077 	
1746 	38639.577 	
1747 	38649.231 	
1748 	38643.115 	
1749 	38634.269 	
1750 	38642.154 	
1751 	38662.538 	
1752 	38650.654 	
1753 	38645.5 	
1754 	38660.923 	
1755 	38657.654 	
1756 	38657.769 	
1757 	38641.731 	
1758 	38649.731 	
1759 	38655.769 	
1760 	38661.962 	
1761 	38648.846 	
1762 	38648.385 	
1763 	38658.923 	
1764 	38649.846 	
1765 	38644.808 	
1766 	38642.885 	
1767 	38651.885 	
1768 	38645.846 	
1769 	38653.846 	
1770 	38655.269 	
1771 	38644.885 	
1772 	38631.038 	
1773 	38649.577 	
1774 	38668.115 	
1775 	38647.769 	
1776 	38648.962 	
1777 	38647.308 	
1778 	38665.038 	
1779 	38663.846 	
1780 	38643.538 	
1781 	38649.731 	
1782 	38652.269 	
1783 	38654 	
1784 	38642.538 	
1785 	38652.808 	
1786 	38657.692 	
1787 	38650.731 	
1788 	38663.269 	
1789 	38643.808 	
1790 	38653.269 	
1791 	38667.269 	
1792 	38636.923 	
1793 	38653.923 	
1794 	38638.731 	
1795 	38635.692 	
1796 	38645.231 	
1797 	38648.692 	
1798 	38647.769 	
1799 	38648.231 	
1800 	38659.885 	
1801 	38646.731 	
1802 	38649.077 	
1803 	38668.192 	
1804 	38656.269 	
1805 	38658.615 	
1806 	38646.577 	
1807 	38655.654 	
1808 	38639.846 	
1809 	38672.846 	
1810 	38653.269 	
1811 	38668.5 	
1812 	38666.115 	
1813 	38667.308 	
1814 	38658 	
1815 	38653.154 	
1816 	38645.269 	
1817 	38653.462 	
1818 	38660.615 	
1819 	38655.692 	
1820 	38671.385 	
1821 	38647.346 	
1822 	38656.654 	
1823 	38653.692 	
1824 	38658.538 	
1825 	38657.538 	
1826 	38656.538 	
1827 	38648.269 	
1828 	38672.231 	
1829 	38646.154 	
1830 	38655.962 	
1831 	38648.385 	
1832 	38662.808 	
1833 	38638.308 	
1834 	38654.577 	
1835 	38661.885 	
1836 	38660.038 	
1837 	38649.077 	
1838 	38661.038 	
1839 	38661.846 	
1840 	38660.154 	
1841 	38662 	
1842 	38659.192 	
1843 	38653.462 	
1844 	38662.808 	
1845 	38660.308 	
1846 	38647.692 	
1847 	38660.846 	
1848 	38664.5 	
1849 	38649.769 	
1850 	38660.231 	
1851 	38648.385 	
1852 	38648.885 	
1853 	38649.923 	
1854 	38670.885 	
1855 	38646.538 	
1856 	38661.731 	
1857 	38659.077 	
1858 	38661.846 	
1859 	38666.885 	
1860 	38676.038 	
1861 	38681.577 	
1862 	38689.538 	
1863 	38667.462 	
1864 	38659.385 	
1865 	38666.885 	
1866 	38659.077 	
1867 	38659 	
1868 	38651.154 	
1869 	38657.885 	
1870 	38656.308 	
1871 	38652.769 	
1872 	38660.769 	
1873 	38654.962 	
1874 	38656.808 	
1875 	38661.577 	
1876 	38655.846 	
1877 	38675.308 	
1878 	38668.654 	
1879 	38655.731 	
1880 	38652.538 	
1881 	38668.615 	
1882 	38667.269 	
1883 	38651.962 	
1884 	38651.577 	
1885 	38650.308 	
1886 	38644.654 	
1887 	38670.308 	
1888 	38662.154 	
1889 	38659.154 	
1890 	38670.577 	
1891 	38667.154 	
1892 	38663.192 	
1893 	38660.423 	
1894 	38666.885 	
1895 	38655.577 	
1896 	38668.346 	
1897 	38653.077 	
1898 	38661.731 	
1899 	38664.038 	
1900 	38658.423 	
1901 	38664.308 	
1902 	38668.5 	
1903 	38656.577 	
1904 	38675.192 	
1905 	38659.615 	
1906 	38669.308 	
1907 	38668.846 	
1908 	38661.038 	
1909 	38667.462 	
1910 	38659.808 	
1911 	38656.731 	
1912 	38664.038 	
1913 	38670.231 	
1914 	38649.962 	
1915 	38652.885 	
1916 	38667 	
1917 	38672.615 	
1918 	38668.885 	
1919 	38661.192 	
1920 	38649.308 	
1921 	38673.346 	
1922 	38655.692 	
1923 	38663.885 	
1924 	38680.692 	
1925 	38666.885 	
1926 	38680.885 	
1927 	38680.846 	
1928 	38664.808 	
1929 	38662.846 	
1930 	38671.462 	
1931 	38662.192 	
1932 	38654.769 	
1933 	38659.769 	
1934 	38661.077 	
1935 	38661.577 	
1936 	38664.269 	
1937 	38668.692 	
1938 	38653.769 	
1939 	38677.346 	
1940 	38667.077 	
1941 	38661.346 	
1942 	38678.192 	
1943 	38677.769 	
1944 	38674.808 	
1945 	38666.885 	
1946 	38670.231 	
1947 	38673.308 	
1948 	38671.154 	
1949 	38651.231 	
1950 	38649.115 	
1951 	38663.385 	
1952 	38666.192 	
1953 	38675.538 	
1954 	38663.462 	
1955 	38667.231 	
1956 	38670.077 	
1957 	38674.769 	
1958 	38667.885 	
1959 	38665.423 	
1960 	38659.808 	
1961 	38656.038 	
1962 	38676.269 	
1963 	38652.615 	
1964 	38673.577 	
1965 	38677.192 	
1966 	38648.846 	
1967 	38656.5 	
1968 	38670.577 	
1969 	38662.077 	
1970 	38657.115 	
1971 	38670.577 	
1972 	38666 	
1973 	38661.038 	
1974 	38647.808 	
1975 	38655.885 	
1976 	38640.115 	
1977 	38653.577 	
1978 	38636.808 	
1979 	38643.308 	
1980 	38649.769 	
1981 	38644.077 	
1982 	38632.231 	
1983 	38638.769 	
1984 	38646.038 	
1985 	38620.538 	
1986 	38627.308 	
1987 	38632.923 	
1988 	38624.038 	
1989 	38627.038 	
1990 	38634.231 	
1991 	38610.231 	
1992 	38610.577 	
1993 	38620.962 	
1994 	38607.385 	
1995 	38604.769 	
1996 	38609.115 	
1997 	38600.923 	
1998 	38601.462 	
1999 	38613 	
2000 	38590.192 	
2001 	38576.462 	
2002 	38588.692 	
2003 	38610.192 	
2004 	38591.654 	
2005 	38597.808 	
2006 	38602.577 	
2007 	38584.385 	
2008 	38572.769 	
2009 	38560.923 	
2010 	38546.885 	
2011 	38550.615 	
2012 	38550.654 	
2013 	38546.269 	
2014 	38539.5 	
2015 	38533.923 	
2016 	38530 	
2017 	38515.154 	
2018 	38512.538 	
2019 	38517.077 	
2020 	38496.154 	
2021 	38505.423 	
2022 	38487.808 	
2023 	38466.615 	
2024 	38476.385 	
2025 	38458.692 	
2026 	38455.769 	
2027 	38484.423 	
2028 	38457.769 	
2029 	38449.692 	
2030 	38472.615 	
2031 	38521.654 	
2032 	38443.308 	
2033 	38422.077 	
2034 	38424.654 	
2035 	38394.885 	
2036 	38382.192 	
2037 	38375.538 	
2038 	38369.192 	
2039 	38354.038 	
2040 	38364.885 	
2041 	38332.885 	
2042 	38332.346 	
2043 	38325.077 	
2044 	38307.154 	
2045 	38286.269 	
2046 	38278.769 	
2047 	38279.462 	
