pixel 	Counts (Total Flux normalized) 	
0 	0.00049307249 	
1 	0.00049308461 	
2 	0.00049337019 	
3 	0.00049262966 	
4 	0.00049288504 	
5 	0.00049341027 	
6 	0.00049324591 	
7 	0.00049275408 	
8 	0.00049316175 	
9 	0.00049292485 	
10 	0.00049246799 	
11 	0.00049287875 	
12 	0.00049296867 	
13 	0.00049232172 	
14 	0.00049364354 	
15 	0.00049322385 	
16 	0.00049292915 	
17 	0.00049348211 	
18 	0.00049300607 	
19 	0.0004933487 	
20 	0.00049328262 	
21 	0.0004929412 	
22 	0.00049313382 	
23 	0.0004931705 	
24 	0.00049287522 	
25 	0.00049221071 	
26 	0.00049229701 	
27 	0.00049339126 	
28 	0.00049283213 	
29 	0.00049278862 	
30 	0.00049314588 	
31 	0.00049306785 	
32 	0.0004930469 	
33 	0.00049334213 	
34 	0.00049312071 	
35 	0.00049285042 	
36 	0.00049236234 	
37 	0.00049301549 	
38 	0.00049345698 	
39 	0.00049352285 	
40 	0.00049323959 	
41 	0.00049318334 	
42 	0.00049277246 	
43 	0.00049233731 	
44 	0.00049232209 	
45 	0.00049247712 	
46 	0.00049285427 	
47 	0.00049250213 	
48 	0.00049300331 	
49 	0.00049302851 	
50 	0.00049267663 	
51 	0.00049311276 	
52 	0.00049352533 	
53 	0.00049308075 	
54 	0.00049252365 	
55 	0.0004926234 	
56 	0.00049282897 	
57 	0.00049300351 	
58 	0.00049227255 	
59 	0.00049338226 	
60 	0.00049307116 	
61 	0.00049214833 	
62 	0.00049239661 	
63 	0.00049261726 	
64 	0.00049237474 	
65 	0.00049291263 	
66 	0.00049191484 	
67 	0.00049237476 	
68 	0.00049258889 	
69 	0.00049286039 	
70 	0.00049280706 	
71 	0.00049309024 	
72 	0.00049302736 	
73 	0.0004927483 	
74 	0.0004928695 	
75 	0.00049245597 	
76 	0.000492776 	
77 	0.00049308714 	
78 	0.00049260855 	
79 	0.00049234688 	
80 	0.00049240336 	
81 	0.00049205169 	
82 	0.00049244624 	
83 	0.00049238707 	
84 	0.00049211999 	
85 	0.0004924776 	
86 	0.00049202977 	
87 	0.00049174712 	
88 	0.00049302791 	
89 	0.00049273573 	
90 	0.00049257388 	
91 	0.00049280828 	
92 	0.00049245195 	
93 	0.00049254871 	
94 	0.00049260177 	
95 	0.00049269877 	
96 	0.000492577 	
97 	0.00049183388 	
98 	0.00049229691 	
99 	0.00049201406 	
100 	0.00049265451 	
101 	0.00049227161 	
102 	0.00049210374 	
103 	0.00049178065 	
104 	0.00049278262 	
105 	0.00049198306 	
106 	0.00049232485 	
107 	0.00049270778 	
108 	0.00049183433 	
109 	0.00049218519 	
110 	0.00049197701 	
111 	0.00049124329 	
112 	0.00049274184 	
113 	0.00049178727 	
114 	0.00049229762 	
115 	0.00049213564 	
116 	0.0004918686 	
117 	0.00049224701 	
118 	0.00049212557 	
119 	0.00049160036 	
120 	0.00049199523 	
121 	0.00049227205 	
122 	0.00049196815 	
123 	0.0004923849 	
124 	0.00049192705 	
125 	0.00049191483 	
126 	0.00049191226 	
127 	0.0004923909 	
128 	0.00049175617 	
129 	0.00049220763 	
130 	0.00049184678 	
131 	0.00049184015 	
132 	0.00049135146 	
133 	0.00049180253 	
134 	0.00049194562 	
135 	0.00049215429 	
136 	0.00049203315 	
137 	0.00049192096 	
138 	0.00049239709 	
139 	0.00049128606 	
140 	0.00049126463 	
141 	0.00049183954 	
142 	0.00049177131 	
143 	0.00049207323 	
144 	0.00049182766 	
145 	0.00049181824 	
146 	0.00049222875 	
147 	0.00049132989 	
148 	0.00049213597 	
149 	0.00049168728 	
150 	0.00049181521 	
151 	0.00049142057 	
152 	0.00049176924 	
153 	0.00049189899 	
154 	0.00049208951 	
155 	0.00049272968 	
156 	0.00049171566 	
157 	0.00049191781 	
158 	0.00049169449 	
159 	0.00049173465 	
160 	0.00049190551 	
161 	0.00049157906 	
162 	0.00049179381 	
163 	0.00049121192 	
164 	0.00049190829 	
165 	0.00049136412 	
166 	0.00049199531 	
167 	0.00049172509 	
168 	0.00049191108 	
169 	0.00049153545 	
170 	0.00049121189 	
171 	0.00049109096 	
172 	0.00049222946 	
173 	0.00049199521 	
174 	0.00049222876 	
175 	0.00049163819 	
176 	0.00049157975 	
177 	0.00049154501 	
178 	0.00049146959 	
179 	0.00049197436 	
180 	0.00049131157 	
181 	0.00049209464 	
182 	0.00049141087 	
183 	0.00049132655 	
184 	0.00049143899 	
185 	0.00049193321 	
186 	0.00049308464 	
187 	0.00049123377 	
188 	0.00049196399 	
189 	0.00049178706 	
190 	0.00049139513 	
191 	0.00049201688 	
192 	0.0004912901 	
193 	0.00049150083 	
194 	0.00049105351 	
195 	0.00049098849 	
196 	0.00049177125 	
197 	0.00049138842 	
198 	0.00049140161 	
199 	0.00049159424 	
200 	0.00049180873 	
201 	0.00049103154 	
202 	0.00049171868 	
203 	0.00049155766 	
204 	0.00049149591 	
205 	0.0004922352 	
206 	0.0004914818 	
207 	0.00049181754 	
208 	0.00049154836 	
209 	0.0004911999 	
210 	0.00049099741 	
211 	0.00049141693 	
212 	0.00049198961 	
213 	0.00049168801 	
214 	0.00049066452 	
215 	0.00049120302 	
216 	0.00049152628 	
217 	0.00049194802 	
218 	0.00049051883 	
219 	0.00049161055 	
220 	0.00049143894 	
221 	0.00049132739 	
222 	0.00049127118 	
223 	0.00049144837 	
224 	0.00049198251 	
225 	0.00049153576 	
226 	0.00049151638 	
227 	0.00049145437 	
228 	0.00049169423 	
229 	0.00049074851 	
230 	0.00049169709 	
231 	0.00049143615 	
232 	0.00049163841 	
233 	0.00049143244 	
234 	0.00049195155 	
235 	0.00049083588 	
236 	0.00049150448 	
237 	0.0004911593 	
238 	0.00049164068 	
239 	0.00049073697 	
240 	0.00049170681 	
241 	0.00049089494 	
242 	0.00049100933 	
243 	0.00049133336 	
244 	0.00049193331 	
245 	0.00049107831 	
246 	0.00049094374 	
247 	0.00049154808 	
248 	0.00049117493 	
249 	0.00049111878 	
250 	0.00049091629 	
251 	0.00049103145 	
252 	0.00049089778 	
253 	0.00049121497 	
254 	0.0004910877 	
255 	0.00049134222 	
256 	0.0004917055 	
257 	0.00049149132 	
258 	0.00049080428 	
259 	0.00049123662 	
260 	0.00049093828 	
261 	0.0004914079 	
262 	0.00049156992 	
263 	0.00049143863 	
264 	0.00049136736 	
265 	0.0004909071 	
266 	0.00049116528 	
267 	0.00049082973 	
268 	0.00049111621 	
269 	0.00049096652 	
270 	0.00049095438 	
271 	0.00049160055 	
272 	0.00049087608 	
273 	0.0004905873 	
274 	0.00049093519 	
275 	0.00049055206 	
276 	0.000491237 	
277 	0.00049114354 	
278 	0.00049096347 	
279 	0.0004908545 	
280 	0.00049049984 	
281 	0.00049105692 	
282 	0.00049104707 	
283 	0.00049160393 	
284 	0.00049037214 	
285 	0.00049134546 	
286 	0.00049074889 	
287 	0.00049103569 	
288 	0.00049108437 	
289 	0.00049089198 	
290 	0.00049207059 	
291 	0.00049092624 	
292 	0.0004908576 	
293 	0.00049091331 	
294 	0.00049135185 	
295 	0.0004907208 	
296 	0.00049034104 	
297 	0.00049074859 	
298 	0.00049062467 	
299 	0.00049041601 	
300 	0.00049078882 	
301 	0.00049091966 	
302 	0.00049054023 	
303 	0.0004907993 	
304 	0.00049070793 	
305 	0.00049057471 	
306 	0.00049088547 	
307 	0.00049080133 	
308 	0.00049106674 	
309 	0.00049120625 	
310 	0.00049080155 	
311 	0.0004905095 	
312 	0.00049035073 	
313 	0.00049070217 	
314 	0.00049097895 	
315 	0.0004904227 	
316 	0.00049105351 	
317 	0.00049060283 	
318 	0.00049075774 	
319 	0.00048979098 	
320 	0.00049092222 	
321 	0.00049051573 	
322 	0.00049056533 	
323 	0.00049017331 	
324 	0.00049027898 	
325 	0.00049032888 	
326 	0.00049025795 	
327 	0.00049086703 	
328 	0.00049088591 	
329 	0.00049042529 	
330 	0.00049060534 	
331 	0.00049021029 	
332 	0.00049018563 	
333 	0.00049041426 	
334 	0.00049088512 	
335 	0.00049027015 	
336 	0.00049100399 	
337 	0.00049022668 	
338 	0.00049104995 	
339 	0.00048994313 	
340 	0.00049086006 	
341 	0.00049078015 	
342 	0.00049035692 	
343 	0.00049069007 	
344 	0.00049037633 	
345 	0.00049062728 	
346 	0.00049089203 	
347 	0.00049067414 	
348 	0.00048994624 	
349 	0.00049016681 	
350 	0.00048973534 	
351 	0.00049047573 	
352 	0.00049031042 	
353 	0.00049025124 	
354 	0.00049006136 	
355 	0.00049018001 	
356 	0.00049073873 	
357 	0.00049005568 	
358 	0.00049033172 	
359 	0.0004905431 	
360 	0.00048994258 	
361 	0.00048989321 	
362 	0.00049024213 	
363 	0.00049006787 	
364 	0.00049029188 	
365 	0.00049088869 	
366 	0.00049049432 	
367 	0.00049051874 	
368 	0.00048999316 	
369 	0.00049021361 	
370 	0.00049011152 	
371 	0.00049038145 	
372 	0.00049007074 	
373 	0.00049087045 	
374 	0.00049054723 	
375 	0.00049013266 	
376 	0.00049021098 	
377 	0.00049073889 	
378 	0.00049043391 	
379 	0.00049032236 	
380 	0.0004901362 	
381 	0.00049055246 	
382 	0.00049028579 	
383 	0.00048995388 	
384 	0.00049045604 	
385 	0.00049045354 	
386 	0.00048964807 	
387 	0.00049021078 	
388 	0.00049012 	
389 	0.00049000818 	
390 	0.00049032274 	
391 	0.00049001772 	
392 	0.00049040305 	
393 	0.00048994981 	
394 	0.00049005506 	
395 	0.00049069024 	
396 	0.00049018902 	
397 	0.00049035689 	
398 	0.00049098815 	
399 	0.00049012345 	
400 	0.0004902583 	
401 	0.00048995272 	
402 	0.0004906863 	
403 	0.0004899283 	
404 	0.00048958618 	
405 	0.00049067762 	
406 	0.00048965382 	
407 	0.000489934 	
408 	0.00049011736 	
409 	0.00049018862 	
410 	0.00049007022 	
411 	0.00049016409 	
412 	0.00049026655 	
413 	0.00049014837 	
414 	0.00049027949 	
415 	0.00049026322 	
416 	0.00049018233 	
417 	0.00048984337 	
418 	0.00049052761 	
419 	0.00049032988 	
420 	0.00049019574 	
421 	0.00049079575 	
422 	0.00049019512 	
423 	0.00049006207 	
424 	0.00049029767 	
425 	0.00049022923 	
426 	0.00048954862 	
427 	0.0004902919 	
428 	0.00049003317 	
429 	0.00048964256 	
430 	0.00048982818 	
431 	0.00049016529 	
432 	0.00049008607 	
433 	0.00048958288 	
434 	0.00049040608 	
435 	0.00048979996 	
436 	0.00049028919 	
437 	0.00048984679 	
438 	0.00049005554 	
439 	0.000490012 	
440 	0.00049055945 	
441 	0.00048986204 	
442 	0.00048981907 	
443 	0.0004898594 	
444 	0.00049019507 	
445 	0.00048999332 	
446 	0.00049047142 	
447 	0.00048963875 	
448 	0.00048987545 	
449 	0.00049022085 	
450 	0.00048994964 	
451 	0.00049031621 	
452 	0.00049015804 	
453 	0.0004903905 	
454 	0.00048961049 	
455 	0.00049010546 	
456 	0.00049032886 	
457 	0.00048993797 	
458 	0.00049063402 	
459 	0.00049021963 	
460 	0.00048971923 	
461 	0.00048965712 	
462 	0.00048978481 	
463 	0.00048991223 	
464 	0.00048968844 	
465 	0.00049026971 	
466 	0.00049027363 	
467 	0.00048974769 	
468 	0.00049023554 	
469 	0.00048964496 	
470 	0.00049042245 	
471 	0.00048975069 	
472 	0.00049001135 	
473 	0.00048942412 	
474 	0.00048933078 	
475 	0.00049016746 	
476 	0.0004902109 	
477 	0.00048999675 	
478 	0.00048959158 	
479 	0.0004899776 	
480 	0.000489688 	
481 	0.00048957297 	
482 	0.0004897198 	
483 	0.00048996163 	
484 	0.00048998365 	
485 	0.00048988377 	
486 	0.00049047812 	
487 	0.00048989352 	
488 	0.00049014244 	
489 	0.00049016745 	
490 	0.00048942059 	
491 	0.00048994289 	
492 	0.00048946761 	
493 	0.00048957618 	
494 	0.00049012074 	
495 	0.00049009563 	
496 	0.00049012417 	
497 	0.00048979715 	
498 	0.00049045597 	
499 	0.00048991821 	
500 	0.00048972307 	
501 	0.00048933065 	
502 	0.00049016035 	
503 	0.00049000803 	
504 	0.0004906487 	
505 	0.00048974372 	
506 	0.00049010818 	
507 	0.00048992124 	
508 	0.00048965713 	
509 	0.00048944284 	
510 	0.00049052171 	
511 	0.0004905248 	
512 	0.00048939916 	
513 	0.00049029213 	
514 	0.00049016717 	
515 	0.00049018616 	
516 	0.00048977487 	
517 	0.00048946822 	
518 	0.0004903321 	
519 	0.00048952694 	
520 	0.00048992808 	
521 	0.00048994309 	
522 	0.0004898223 	
523 	0.00048986903 	
524 	0.00048936785 	
525 	0.00048999951 	
526 	0.0004897437 	
527 	0.00048955446 	
528 	0.0004901703 	
529 	0.00048949271 	
530 	0.00049077338 	
531 	0.0004902452 	
532 	0.00048928203 	
533 	0.00048984969 	
534 	0.00048927482 	
535 	0.00048955722 	
536 	0.00048960791 	
537 	0.00048967558 	
538 	0.00048943268 	
539 	0.00048968224 	
540 	0.00049001415 	
541 	0.00048896085 	
542 	0.0004896356 	
543 	0.00048983463 	
544 	0.00048925024 	
545 	0.00048951407 	
546 	0.00048980979 	
547 	0.00048964192 	
548 	0.00048890467 	
549 	0.0004897662 	
550 	0.00048970102 	
551 	0.00048960112 	
552 	0.00048991875 	
553 	0.00049017586 	
554 	0.00048988103 	
555 	0.0004897565 	
556 	0.00048905977 	
557 	0.00048955477 	
558 	0.0004904124 	
559 	0.00049013596 	
560 	0.00048967272 	
561 	0.00048945886 	
562 	0.00049007398 	
563 	0.00048948263 	
564 	0.00048998064 	
565 	0.00048945201 	
566 	0.00048919439 	
567 	0.00048940503 	
568 	0.00048986316 	
569 	0.00049020471 	
570 	0.00049004969 	
571 	0.00048965108 	
572 	0.00048923421 	
573 	0.0004903228 	
574 	0.00048956136 	
575 	0.00048967914 	
576 	0.00048898561 	
577 	0.00048941532 	
578 	0.00048918804 	
579 	0.00048991533 	
580 	0.00048911649 	
581 	0.00048967876 	
582 	0.00049009597 	
583 	0.0004899088 	
584 	0.00048989649 	
585 	0.00048900442 	
586 	0.00048952939 	
587 	0.00048922888 	
588 	0.00048914696 	
589 	0.00048987164 	
590 	0.00048936157 	
591 	0.00048957922 	
592 	0.00048967324 	
593 	0.00048960761 	
594 	0.00048924083 	
595 	0.0004896882 	
596 	0.00048933703 	
597 	0.00048964415 	
598 	0.00048919321 	
599 	0.00048924325 	
600 	0.00048979105 	
601 	0.00048941425 	
602 	0.00048964485 	
603 	0.00048932728 	
604 	0.00048904157 	
605 	0.00048930277 	
606 	0.00048963814 	
607 	0.00048954491 	
608 	0.00048939626 	
609 	0.0004896943 	
610 	0.00048937103 	
611 	0.00048904835 	
612 	0.00048930558 	
613 	0.00048887327 	
614 	0.00048938645 	
615 	0.00048943027 	
616 	0.00048990251 	
617 	0.00048965401 	
618 	0.00048919451 	
619 	0.0004896297 	
620 	0.00048922512 	
621 	0.00048896699 	
622 	0.00048935913 	
623 	0.00049001146 	
624 	0.000489228 	
625 	0.00048916001 	
626 	0.00048972823 	
627 	0.00048943909 	
628 	0.00048984729 	
629 	0.00048928724 	
630 	0.00048956971 	
631 	0.00048918713 	
632 	0.00048872779 	
633 	0.00048914687 	
634 	0.00048978521 	
635 	0.00048955995 	
636 	0.00048850971 	
637 	0.00048963802 	
638 	0.00048934979 	
639 	0.00048974443 	
640 	0.00048965098 	
641 	0.00048936151 	
642 	0.00048928741 	
643 	0.00048940554 	
644 	0.00048909142 	
645 	0.00048950819 	
646 	0.00048916268 	
647 	0.00048880853 	
648 	0.00048987177 	
649 	0.00048979052 	
650 	0.00048938378 	
651 	0.00048882071 	
652 	0.00048941798 	
653 	0.00048929939 	
654 	0.00048921269 	
655 	0.00048866182 	
656 	0.00048924619 	
657 	0.00048918477 	
658 	0.00048932142 	
659 	0.00048878061 	
660 	0.00048966041 	
661 	0.00048995506 	
662 	0.00048942054 	
663 	0.00048932156 	
664 	0.00048923735 	
665 	0.0004894431 	
666 	0.00048923712 	
667 	0.00048908171 	
668 	0.00048948867 	
669 	0.00048960977 	
670 	0.00048864351 	
671 	0.00048897249 	
672 	0.00048922464 	
673 	0.00048924692 	
674 	0.00048912251 	
675 	0.00048914063 	
676 	0.00049055436 	
677 	0.00049420806 	
678 	0.00048919095 	
679 	0.00048948986 	
680 	0.00048887983 	
681 	0.00048886793 	
682 	0.00048942083 	
683 	0.000489672 	
684 	0.00048925309 	
685 	0.00048880231 	
686 	0.00048916897 	
687 	0.00048911392 	
688 	0.00048924058 	
689 	0.00048929249 	
690 	0.00048936535 	
691 	0.00048854376 	
692 	0.00048993728 	
693 	0.00048920941 	
694 	0.00048895152 	
695 	0.00048923112 	
696 	0.00048857799 	
697 	0.0004892375 	
698 	0.00048906681 	
699 	0.00048924648 	
700 	0.00048938338 	
701 	0.00048990034 	
702 	0.00048878369 	
703 	0.00048906035 	
704 	0.00048929315 	
705 	0.00048946094 	
706 	0.00048935869 	
707 	0.00048941257 	
708 	0.00048879922 	
709 	0.00048873671 	
710 	0.0004892995 	
711 	0.00048915014 	
712 	0.00048877389 	
713 	0.00048887688 	
714 	0.00048856892 	
715 	0.00048916325 	
716 	0.00048908189 	
717 	0.00048967281 	
718 	0.00048985345 	
719 	0.00048896409 	
720 	0.00048922242 	
721 	0.00048952297 	
722 	0.00048955752 	
723 	0.00048906694 	
724 	0.00048932454 	
725 	0.00048871189 	
726 	0.00048919043 	
727 	0.00048895197 	
728 	0.00048858421 	
729 	0.00048986869 	
730 	0.00048865578 	
731 	0.00048898201 	
732 	0.00048871499 	
733 	0.00048856231 	
734 	0.00048897931 	
735 	0.00048942669 	
736 	0.00048877666 	
737 	0.000489113 	
738 	0.00048876474 	
739 	0.00048943654 	
740 	0.00048901661 	
741 	0.00048866223 	
742 	0.00048872787 	
743 	0.00048871539 	
744 	0.00048901348 	
745 	0.00048947084 	
746 	0.00048906342 	
747 	0.00048876825 	
748 	0.00048890186 	
749 	0.00048902284 	
750 	0.00048848181 	
751 	0.00048904471 	
752 	0.00048842584 	
753 	0.00048856589 	
754 	0.00049270159 	
755 	0.00048884236 	
756 	0.00048944623 	
757 	0.00048935918 	
758 	0.00048874553 	
759 	0.00048885838 	
760 	0.00048886123 	
761 	0.00048906596 	
762 	0.00048944531 	
763 	0.00048865572 	
764 	0.00048961376 	
765 	0.00048895105 	
766 	0.00048823618 	
767 	0.00048863131 	
768 	0.00048890155 	
769 	0.00048830088 	
770 	0.00048849737 	
771 	0.00048882417 	
772 	0.00048862728 	
773 	0.00048845433 	
774 	0.00048909152 	
775 	0.00048854715 	
776 	0.0004888859 	
777 	0.00048900169 	
778 	0.00048920282 	
779 	0.00048890792 	
780 	0.00048872121 	
781 	0.00048879946 	
782 	0.00048895405 	
783 	0.00048917552 	
784 	0.00048920988 	
785 	0.00048899155 	
786 	0.00048952723 	
787 	0.00048912862 	
788 	0.00048855007 	
789 	0.00048859025 	
790 	0.00048874042 	
791 	0.00048830447 	
792 	0.00048872421 	
793 	0.00048867429 	
794 	0.00048858475 	
795 	0.00048885181 	
796 	0.00048924998 	
797 	0.00048878624 	
798 	0.00048855303 	
799 	0.00048923492 	
800 	0.0004888391 	
801 	0.0004887241 	
802 	0.0004891537 	
803 	0.000488587 	
804 	0.00048871512 	
805 	0.00048859713 	
806 	0.00048847265 	
807 	0.00048819547 	
808 	0.0004885128 	
809 	0.0004885903 	
810 	0.0004882605 	
811 	0.00048900019 	
812 	0.00048874305 	
813 	0.00048833219 	
814 	0.00048808324 	
815 	0.00048943057 	
816 	0.00048885514 	
817 	0.00048890194 	
818 	0.00048848191 	
819 	0.00048844776 	
820 	0.00048879515 	
821 	0.00048874295 	
822 	0.00048880491 	
823 	0.00048826715 	
824 	0.00048924098 	
825 	0.00048839562 	
826 	0.00048853469 	
827 	0.00048905733 	
828 	0.00048901051 	
829 	0.00048840222 	
830 	0.0004888857 	
831 	0.00048885802 	
832 	0.00048879265 	
833 	0.00048901059 	
834 	0.00048898619 	
835 	0.00048881523 	
836 	0.00048905736 	
837 	0.00048841631 	
838 	0.00048871241 	
839 	0.0004885098 	
840 	0.00048858059 	
841 	0.00048835704 	
842 	0.00048828923 	
843 	0.00048840738 	
844 	0.00048839773 	
845 	0.00048864339 	
846 	0.00048870653 	
847 	0.00048837022 	
848 	0.00048889231 	
849 	0.00048832336 	
850 	0.00048819225 	
851 	0.00048851835 	
852 	0.00048874592 	
853 	0.00048901301 	
854 	0.00048898585 	
855 	0.00048899799 	
856 	0.00048891145 	
857 	0.00048848519 	
858 	0.00048879579 	
859 	0.00048891094 	
860 	0.00048847297 	
861 	0.00048828922 	
862 	0.00048879569 	
863 	0.00048923056 	
864 	0.00048905678 	
865 	0.00048900768 	
866 	0.00048849151 	
867 	0.00048859068 	
868 	0.00048871767 	
869 	0.00048899475 	
870 	0.00048883348 	
871 	0.00048868369 	
872 	0.00048803132 	
873 	0.00048865542 	
874 	0.00048827135 	
875 	0.00048844513 	
876 	0.00048871872 	
877 	0.00048819566 	
878 	0.00048874024 	
879 	0.00048865902 	
880 	0.00048834551 	
881 	0.00048841983 	
882 	0.00048836691 	
883 	0.00048780428 	
884 	0.00048870276 	
885 	0.00048768527 	
886 	0.00048862078 	
887 	0.00048879854 	
888 	0.00048875594 	
889 	0.00048908485 	
890 	0.00048794378 	
891 	0.00048821102 	
892 	0.00048817064 	
893 	0.0004880467 	
894 	0.00048805257 	
895 	0.00048803392 	
896 	0.00048846013 	
897 	0.00048848511 	
898 	0.00048834132 	
899 	0.00048832608 	
900 	0.00048804971 	
901 	0.00048846888 	
902 	0.00048800055 	
903 	0.00048842965 	
904 	0.00048917806 	
905 	0.00048826393 	
906 	0.00048838924 	
907 	0.00048856271 	
908 	0.00048809945 	
909 	0.00048847841 	
910 	0.00048869653 	
911 	0.00048819259 	
912 	0.00048846895 	
913 	0.00048812463 	
914 	0.00048779091 	
915 	0.00048791264 	
916 	0.00048829215 	
917 	0.00048836772 	
918 	0.00048818955 	
919 	0.00048883347 	
920 	0.00048802465 	
921 	0.00048759875 	
922 	0.00048852493 	
923 	0.00048782836 	
924 	0.00048836682 	
925 	0.00048839783 	
926 	0.00048789731 	
927 	0.0004880307 	
928 	0.000487894 	
929 	0.00048845458 	
930 	0.00048803057 	
931 	0.00048874934 	
932 	0.00048800026 	
933 	0.00048829209 	
934 	0.00048761773 	
935 	0.00048822137 	
936 	0.00048807139 	
937 	0.00048821397 	
938 	0.00048876167 	
939 	0.00048821463 	
940 	0.00048750898 	
941 	0.0004886433 	
942 	0.00048827612 	
943 	0.00048823909 	
944 	0.00048799094 	
945 	0.00048891683 	
946 	0.00048813713 	
947 	0.00048840399 	
948 	0.00048851255 	
949 	0.00048844139 	
950 	0.00048803676 	
951 	0.00048823265 	
952 	0.00048845358 	
953 	0.00048744632 	
954 	0.00048852222 	
955 	0.00048767933 	
956 	0.0004880587 	
957 	0.00048762061 	
958 	0.00048813713 	
959 	0.00048758587 	
960 	0.00048736917 	
961 	0.00048756758 	
962 	0.00048748632 	
963 	0.0004876702 	
964 	0.00048816771 	
965 	0.00048792179 	
966 	0.00048812748 	
967 	0.00048765826 	
968 	0.00048864333 	
969 	0.0004879873 	
970 	0.00048864659 	
971 	0.00048817719 	
972 	0.00048852234 	
973 	0.00048810874 	
974 	0.00048819824 	
975 	0.00048787576 	
976 	0.00048800912 	
977 	0.0004879564 	
978 	0.00048830762 	
979 	0.00048799674 	
980 	0.00048804685 	
981 	0.00048815537 	
982 	0.00048909092 	
983 	0.00048809355 	
984 	0.00048776397 	
985 	0.00048814304 	
986 	0.00048794094 	
987 	0.00048844086 	
988 	0.00048743729 	
989 	0.0004876262 	
990 	0.00048856216 	
991 	0.00048785682 	
992 	0.00048786225 	
993 	0.00048807475 	
994 	0.00048835752 	
995 	0.00048787267 	
996 	0.00048800889 	
997 	0.00048825736 	
998 	0.00048795333 	
999 	0.00048753291 	
1000 	0.00048843209 	
1001 	0.00048791942 	
1002 	0.00048804945 	
1003 	0.00048798166 	
1004 	0.00048790722 	
1005 	0.00048755181 	
1006 	0.00048777592 	
1007 	0.00048760494 	
1008 	0.00048779453 	
1009 	0.00048740275 	
1010 	0.0004877878 	
1011 	0.00048818394 	
1012 	0.00048804977 	
1013 	0.00048829571 	
1014 	0.00048793752 	
1015 	0.00048748729 	
1016 	0.0004876893 	
1017 	0.00048787661 	
1018 	0.0004878723 	
1019 	0.00048746846 	
1020 	0.00048804959 	
1021 	0.00048754917 	
1022 	0.00048813081 	
1023 	0.00048862193 	
1024 	0.00048789469 	
1025 	0.00048781978 	
1026 	0.00048774748 	
1027 	0.00048762361 	
1028 	0.00048753649 	
1029 	0.00048769231 	
1030 	0.00048767315 	
1031 	0.00048726894 	
1032 	0.00048730091 	
1033 	0.0004873432 	
1034 	0.00048767032 	
1035 	0.00048827627 	
1036 	0.00048802438 	
1037 	0.00048811419 	
1038 	0.00048735656 	
1039 	0.00048737788 	
1040 	0.00048775126 	
1041 	0.00048739351 	
1042 	0.00048729708 	
1043 	0.00048779427 	
1044 	0.00048753323 	
1045 	0.00048770428 	
1046 	0.00048795005 	
1047 	0.0004879558 	
1048 	0.00048780457 	
1049 	0.0004876392 	
1050 	0.00048804316 	
1051 	0.00048830789 	
1052 	0.00048723194 	
1053 	0.00048845326 	
1054 	0.00048790938 	
1055 	0.00048810558 	
1056 	0.00048703554 	
1057 	0.00048769224 	
1058 	0.00048741843 	
1059 	0.00048729734 	
1060 	0.00048741172 	
1061 	0.00048836598 	
1062 	0.00048752968 	
1063 	0.00048741834 	
1064 	0.00048767335 	
1065 	0.00048776949 	
1066 	0.00048781962 	
1067 	0.0004877234 	
1068 	0.00048716907 	
1069 	0.00048831689 	
1070 	0.00048768258 	
1071 	0.00048726017 	
1072 	0.00048715973 	
1073 	0.00048766679 	
1074 	0.00048712277 	
1075 	0.00048821152 	
1076 	0.00048761698 	
1077 	0.00048748985 	
1078 	0.00048786649 	
1079 	0.00048802834 	
1080 	0.00048728493 	
1081 	0.00048752673 	
1082 	0.00048757072 	
1083 	0.00048719139 	
1084 	0.00048748367 	
1085 	0.00048732821 	
1086 	0.00048717249 	
1087 	0.00048751789 	
1088 	0.00048739913 	
1089 	0.00048790968 	
1090 	0.00048727469 	
1091 	0.00048715757 	
1092 	0.00048782897 	
1093 	0.00048796927 	
1094 	0.00048755807 	
1095 	0.00048720617 	
1096 	0.00048796896 	
1097 	0.00048721337 	
1098 	0.00048739643 	
1099 	0.00048668787 	
1100 	0.00048764226 	
1101 	0.00048757049 	
1102 	0.00048788499 	
1103 	0.00048750536 	
1104 	0.00048707065 	
1105 	0.00048736283 	
1106 	0.00048691781 	
1107 	0.00048716316 	
1108 	0.0004872159 	
1109 	0.00048713886 	
1110 	0.00048748062 	
1111 	0.00048704143 	
1112 	0.00048761648 	
1113 	0.00048778864 	
1114 	0.00048718511 	
1115 	0.00048710456 	
1116 	0.00048711754 	
1117 	0.00048828558 	
1118 	0.00048804053 	
1119 	0.00048673146 	
1120 	0.00048727842 	
1121 	0.00048703205 	
1122 	0.00048692131 	
1123 	0.00048742424 	
1124 	0.000487197 	
1125 	0.00048814612 	
1126 	0.00048761186 	
1127 	0.00048685845 	
1128 	0.00048743722 	
1129 	0.00048774844 	
1130 	0.00048754842 	
1131 	0.00048677446 	
1132 	0.00048740254 	
1133 	0.00048781327 	
1134 	0.00048726645 	
1135 	0.00048743055 	
1136 	0.00048754629 	
1137 	0.00048744932 	
1138 	0.00048698017 	
1139 	0.0004869829 	
1140 	0.00048745298 	
1141 	0.00048719824 	
1142 	0.00048700819 	
1143 	0.00048763875 	
1144 	0.00048741848 	
1145 	0.00048715707 	
1146 	0.00048725709 	
1147 	0.00048717658 	
1148 	0.00048689551 	
1149 	0.00048715399 	
1150 	0.00048795642 	
1151 	0.00048752084 	
1152 	0.00048699275 	
1153 	0.00048698974 	
1154 	0.00048674963 	
1155 	0.0004868461 	
1156 	0.00048740294 	
1157 	0.00048724434 	
1158 	0.00048715153 	
1159 	0.00048750276 	
1160 	0.00048758304 	
1161 	0.00048737519 	
1162 	0.00048738985 	
1163 	0.0004867316 	
1164 	0.00048697956 	
1165 	0.00048710447 	
1166 	0.00048776656 	
1167 	0.00048705178 	
1168 	0.00048747425 	
1169 	0.00048743148 	
1170 	0.00048721305 	
1171 	0.00048667237 	
1172 	0.00048730903 	
1173 	0.00048676183 	
1174 	0.00048726296 	
1175 	0.00048698953 	
1176 	0.0004871856 	
1177 	0.00048695509 	
1178 	0.00048697966 	
1179 	0.00048719173 	
1180 	0.00048699905 	
1181 	0.00048782003 	
1182 	0.00048702673 	
1183 	0.00048727255 	
1184 	0.00048691158 	
1185 	0.00048704521 	
1186 	0.0004864671 	
1187 	0.00048755867 	
1188 	0.00048699888 	
1189 	0.00048696773 	
1190 	0.000487521 	
1191 	0.00048641042 	
1192 	0.00048699845 	
1193 	0.00048670004 	
1194 	0.00048711657 	
1195 	0.00048691726 	
1196 	0.00048697389 	
1197 	0.00048683689 	
1198 	0.00048724048 	
1199 	0.00048709241 	
1200 	0.0004870079 	
1201 	0.00048717275 	
1202 	0.00048684945 	
1203 	0.00048678048 	
1204 	0.00048742764 	
1205 	0.0004873655 	
1206 	0.00048728763 	
1207 	0.00048714791 	
1208 	0.00048684669 	
1209 	0.00048711636 	
1210 	0.00048705123 	
1211 	0.00048742176 	
1212 	0.00048693357 	
1213 	0.0004870018 	
1214 	0.0004873935 	
1215 	0.00048661303 	
1216 	0.00048671015 	
1217 	0.00048712917 	
1218 	0.00048698038 	
1219 	0.00048628009 	
1220 	0.00048677244 	
1221 	0.00048671841 	
1222 	0.00048702922 	
1223 	0.00048681856 	
1224 	0.00048657259 	
1225 	0.00048709162 	
1226 	0.00048702029 	
1227 	0.00048667817 	
1228 	0.00048704148 	
1229 	0.00048748342 	
1230 	0.00048685554 	
1231 	0.000486992 	
1232 	0.00048688922 	
1233 	0.00048712981 	
1234 	0.00048653136 	
1235 	0.00048649191 	
1236 	0.00048708843 	
1237 	0.00048678754 	
1238 	0.00048732181 	
1239 	0.0004870293 	
1240 	0.00048622152 	
1241 	0.00048677786 	
1242 	0.00048712604 	
1243 	0.00048738149 	
1244 	0.00048687087 	
1245 	0.00048713557 	
1246 	0.00048667803 	
1247 	0.00048689298 	
1248 	0.00048679067 	
1249 	0.0004868242 	
1250 	0.00048773561 	
1251 	0.0004865911 	
1252 	0.00048669674 	
1253 	0.00048719156 	
1254 	0.0004873685 	
1255 	0.0004865229 	
1256 	0.00048696432 	
1257 	0.00048660381 	
1258 	0.00048705711 	
1259 	0.00048655718 	
1260 	0.00048726916 	
1261 	0.00048686081 	
1262 	0.00048668458 	
1263 	0.00048665954 	
1264 	0.00048708882 	
1265 	0.00048696151 	
1266 	0.00048673051 	
1267 	0.00048672508 	
1268 	0.00048706711 	
1269 	0.00048713273 	
1270 	0.00048696108 	
1271 	0.00048703009 	
1272 	0.00048706004 	
1273 	0.00048656057 	
1274 	0.00048679075 	
1275 	0.00048647053 	
1276 	0.00048628659 	
1277 	0.00048695478 	
1278 	0.00048656952 	
1279 	0.00048741815 	
1280 	0.00048701418 	
1281 	0.00048699833 	
1282 	0.00048680288 	
1283 	0.00048682439 	
1284 	0.00048717259 	
1285 	0.00048677796 	
1286 	0.00048704567 	
1287 	0.00048648852 	
1288 	0.00048715428 	
1289 	0.00048688658 	
1290 	0.00048697397 	
1291 	0.00048691461 	
1292 	0.00048736218 	
1293 	0.00048708299 	
1294 	0.00048675015 	
1295 	0.00048700851 	
1296 	0.00048674968 	
1297 	0.00048684254 	
1298 	0.00048684953 	
1299 	0.00048637047 	
1300 	0.00048685543 	
1301 	0.00048678074 	
1302 	0.00048701724 	
1303 	0.00048642943 	
1304 	0.00048671244 	
1305 	0.00048704559 	
1306 	0.0004864389 	
1307 	0.00048662886 	
1308 	0.0004865759 	
1309 	0.00048638254 	
1310 	0.00048643229 	
1311 	0.00048656959 	
1312 	0.00048675868 	
1313 	0.00048640808 	
1314 	0.00048669997 	
1315 	0.00048688668 	
1316 	0.00048631448 	
1317 	0.00048649464 	
1318 	0.00048654115 	
1319 	0.00048693041 	
1320 	0.00048654484 	
1321 	0.00048704212 	
1322 	0.00048679324 	
1323 	0.00048657285 	
1324 	0.00048703037 	
1325 	0.00048639848 	
1326 	0.00048620631 	
1327 	0.0004863922 	
1328 	0.00048682076 	
1329 	0.00048637331 	
1330 	0.00048707322 	
1331 	0.00048643287 	
1332 	0.00048652819 	
1333 	0.00048737524 	
1334 	0.00048638854 	
1335 	0.00048680296 	
1336 	0.00048672708 	
1337 	0.00048634237 	
1338 	0.00048690442 	
1339 	0.00048652244 	
1340 	0.000486271 	
1341 	0.00048684044 	
1342 	0.00048684295 	
1343 	0.00048641049 	
1344 	0.00048678678 	
1345 	0.00048660369 	
1346 	0.00048615281 	
1347 	0.00048619986 	
1348 	0.00048689547 	
1349 	0.00048697385 	
1350 	0.0004866036 	
1351 	0.00048672527 	
1352 	0.00048686168 	
1353 	0.00048652307 	
1354 	0.00048647911 	
1355 	0.00048716274 	
1356 	0.00048619353 	
1357 	0.00048669718 	
1358 	0.00048652631 	
1359 	0.00048640767 	
1360 	0.00048673475 	
1361 	0.00048630779 	
1362 	0.00048581941 	
1363 	0.00048679964 	
1364 	0.00048637318 	
1365 	0.00048720424 	
1366 	0.00048702676 	
1367 	0.00048639516 	
1368 	0.00048648877 	
1369 	0.00048658484 	
1370 	0.00048642303 	
1371 	0.00048631141 	
1372 	0.00048611215 	
1373 	0.00048622758 	
1374 	0.00048687119 	
1375 	0.00048637137 	
1376 	0.00048645727 	
1377 	0.00048618724 	
1378 	0.00048630452 	
1379 	0.00048669069 	
1380 	0.00048697091 	
1381 	0.00048644207 	
1382 	0.00048661908 	
1383 	0.00048631455 	
1384 	0.00048657564 	
1385 	0.00048652867 	
1386 	0.00048638023 	
1387 	0.00048663479 	
1388 	0.00048682394 	
1389 	0.00048657595 	
1390 	0.00048673407 	
1391 	0.00048648294 	
1392 	0.00048604375 	
1393 	0.00048678751 	
1394 	0.00048725714 	
1395 	0.00048613098 	
1396 	0.00048683736 	
1397 	0.00048647259 	
1398 	0.00048668431 	
1399 	0.00048607861 	
1400 	0.00048668466 	
1401 	0.00048687422 	
1402 	0.0004860749 	
1403 	0.00048655349 	
1404 	0.00048685874 	
1405 	0.00048682456 	
1406 	0.00048636707 	
1407 	0.00048661566 	
1408 	0.0004864662 	
1409 	0.00048651982 	
1410 	0.00048651681 	
1411 	0.00048634275 	
1412 	0.00048623065 	
1413 	0.00048608405 	
1414 	0.0004866412 	
1415 	0.0004860662 	
1416 	0.00048656337 	
1417 	0.00048625261 	
1418 	0.00048647562 	
1419 	0.00048631766 	
1420 	0.00048626223 	
1421 	0.00048660642 	
1422 	0.00048626125 	
1423 	0.00048676249 	
1424 	0.00048597857 	
1425 	0.00048656957 	
1426 	0.00048731274 	
1427 	0.0004867498 	
1428 	0.00048669392 	
1429 	0.0004868087 	
1430 	0.00048636429 	
1431 	0.00048639582 	
1432 	0.00048618729 	
1433 	0.00048684942 	
1434 	0.00048640491 	
1435 	0.000486868 	
1436 	0.00048656653 	
1437 	0.00048625554 	
1438 	0.00048649516 	
1439 	0.00048616581 	
1440 	0.00048615312 	
1441 	0.0004863922 	
1442 	0.00048679284 	
1443 	0.0004863979 	
1444 	0.00048665107 	
1445 	0.00048660699 	
1446 	0.00048605604 	
1447 	0.00048673405 	
1448 	0.00048606006 	
1449 	0.00048576458 	
1450 	0.00048631449 	
1451 	0.00048695457 	
1452 	0.00048658192 	
1453 	0.00048641362 	
1454 	0.00048661004 	
1455 	0.00048633667 	
1456 	0.00048650421 	
1457 	0.00048694882 	
1458 	0.00048613654 	
1459 	0.00048639223 	
1460 	0.0004857238 	
1461 	0.00048596922 	
1462 	0.00048626496 	
1463 	0.0004861682 	
1464 	0.00048613415 	
1465 	0.0004865755 	
1466 	0.00048572069 	
1467 	0.00048662823 	
1468 	0.00048688943 	
1469 	0.00048625239 	
1470 	0.00048688959 	
1471 	0.00048648257 	
1472 	0.00048607211 	
1473 	0.00048673806 	
1474 	0.00048619277 	
1475 	0.00048648848 	
1476 	0.00048700202 	
1477 	0.00048608719 	
1478 	0.00048688311 	
1479 	0.00048656955 	
1480 	0.0004866128 	
1481 	0.00048631758 	
1482 	0.00048662515 	
1483 	0.00048700412 	
1484 	0.00048630218 	
1485 	0.00048617756 	
1486 	0.0004866503 	
1487 	0.00048607477 	
1488 	0.00048633366 	
1489 	0.00048624587 	
1490 	0.00048642359 	
1491 	0.00048584533 	
1492 	0.00048649481 	
1493 	0.00048602858 	
1494 	0.00048630188 	
1495 	0.00048634882 	
1496 	0.00048626472 	
1497 	0.00048618107 	
1498 	0.00048618063 	
1499 	0.00048637673 	
1500 	0.00048597937 	
1501 	0.00048719445 	
1502 	0.00048678738 	
1503 	0.00048643555 	
1504 	0.00048603107 	
1505 	0.00048645461 	
1506 	0.00048645447 	
1507 	0.00048664396 	
1508 	0.00048675577 	
1509 	0.00048643598 	
1510 	0.00048690214 	
1511 	0.00048610596 	
1512 	0.0004864024 	
1513 	0.00048611853 	
1514 	0.00048638322 	
1515 	0.00048703267 	
1516 	0.00048687113 	
1517 	0.00048608094 	
1518 	0.00048633018 	
1519 	0.00048685867 	
1520 	0.00048716075 	
1521 	0.00048598521 	
1522 	0.00048695464 	
1523 	0.00048630884 	
1524 	0.00048645177 	
1525 	0.00048622064 	
1526 	0.00048604678 	
1527 	0.0004862869 	
1528 	0.00048578289 	
1529 	0.00048674011 	
1530 	0.00048642928 	
1531 	0.00048611893 	
1532 	0.00048616221 	
1533 	0.00048657622 	
1534 	0.0004863917 	
1535 	0.0004868152 	
1536 	0.00048619605 	
1537 	0.00048668164 	
1538 	0.00048636078 	
1539 	0.00048645734 	
1540 	0.00048648612 	
1541 	0.00048697065 	
1542 	0.00048636676 	
1543 	0.00048666624 	
1544 	0.00048677446 	
1545 	0.00048625814 	
1546 	0.00048654157 	
1547 	0.00048625869 	
1548 	0.00048620874 	
1549 	0.00048637393 	
1550 	0.00048672786 	
1551 	0.00048614601 	
1552 	0.00048792978 	
1553 	0.00048756383 	
1554 	0.00048672459 	
1555 	0.00048625539 	
1556 	0.00048686491 	
1557 	0.00048694591 	
1558 	0.00048688694 	
1559 	0.00048636118 	
1560 	0.00048642326 	
1561 	0.00048618093 	
1562 	0.00048674632 	
1563 	0.00048602476 	
1564 	0.00048635154 	
1565 	0.00048611577 	
1566 	0.00048605973 	
1567 	0.00048638998 	
1568 	0.00048622434 	
1569 	0.00048592884 	
1570 	0.00048651627 	
1571 	0.00048605033 	
1572 	0.00048655385 	
1573 	0.00048644455 	
1574 	0.00048626148 	
1575 	0.00048596594 	
1576 	0.00048579532 	
1577 	0.0004863647 	
1578 	0.00048703594 	
1579 	0.0004861774 	
1580 	0.00048590686 	
1581 	0.00048618729 	
1582 	0.00048684009 	
1583 	0.00048655054 	
1584 	0.00048596011 	
1585 	0.00048656645 	
1586 	0.00048624925 	
1587 	0.00048621216 	
1588 	0.00048615277 	
1589 	0.00048587321 	
1590 	0.00048647602 	
1591 	0.00048585416 	
1592 	0.00048648528 	
1593 	0.00048641977 	
1594 	0.00048617472 	
1595 	0.00048579204 	
1596 	0.000486709 	
1597 	0.00048696459 	
1598 	0.00048667781 	
1599 	0.00048623368 	
1600 	0.00048654179 	
1601 	0.00048651673 	
1602 	0.00048619968 	
1603 	0.00048629316 	
1604 	0.00048617471 	
1605 	0.00048629882 	
1606 	0.00048613149 	
1607 	0.00048590783 	
1608 	0.00048641187 	
1609 	0.00048671241 	
1610 	0.00048650472 	
1611 	0.00048677133 	
1612 	0.000486206 	
1613 	0.00048626114 	
1614 	0.00048606258 	
1615 	0.00048672446 	
1616 	0.00048631406 	
1617 	0.00048639538 	
1618 	0.00048644798 	
1619 	0.00048601881 	
1620 	0.00048564928 	
1621 	0.00048607518 	
1622 	0.00048688697 	
1623 	0.00048652926 	
1624 	0.00048621219 	
1625 	0.00048578553 	
1626 	0.00048664674 	
1627 	0.0004859317 	
1628 	0.00048646121 	
1629 	0.00048627067 	
1630 	0.00048676274 	
1631 	0.00048615302 	
1632 	0.00048608462 	
1633 	0.00048610866 	
1634 	0.00048591953 	
1635 	0.00048635195 	
1636 	0.00048642341 	
1637 	0.00048587275 	
1638 	0.000486225 	
1639 	0.00048589399 	
1640 	0.00048578902 	
1641 	0.0004868403 	
1642 	0.00048595618 	
1643 	0.00048606541 	
1644 	0.00048631806 	
1645 	0.00048618383 	
1646 	0.00048678732 	
1647 	0.00048618079 	
1648 	0.00048668423 	
1649 	0.00048569943 	
1650 	0.00048616251 	
1651 	0.00048618431 	
1652 	0.00048642651 	
1653 	0.00048703328 	
1654 	0.00048607199 	
1655 	0.00048658229 	
1656 	0.00048653808 	
1657 	0.00048577711 	
1658 	0.00048606858 	
1659 	0.00048596916 	
1660 	0.00048609323 	
1661 	0.00048608163 	
1662 	0.0004862828 	
1663 	0.00048630863 	
1664 	0.00048634838 	
1665 	0.00048585785 	
1666 	0.00048638613 	
1667 	0.00048640147 	
1668 	0.00048691144 	
1669 	0.00048615593 	
1670 	0.00048681791 	
1671 	0.00048688919 	
1672 	0.00048601598 	
1673 	0.00048595685 	
1674 	0.00048643255 	
1675 	0.00048608124 	
1676 	0.00048570535 	
1677 	0.00048656365 	
1678 	0.00048582666 	
1679 	0.00048638667 	
1680 	0.00048602156 	
1681 	0.00048615281 	
1682 	0.00048597543 	
1683 	0.00048606862 	
1684 	0.0004864303 	
1685 	0.00048638578 	
1686 	0.00048600025 	
1687 	0.00048602514 	
1688 	0.00048587611 	
1689 	0.00048658764 	
1690 	0.00048587278 	
1691 	0.00048597867 	
1692 	0.00048618704 	
1693 	0.00048654154 	
1694 	0.00048599062 	
1695 	0.00048615899 	
1696 	0.0004864542 	
1697 	0.00048650115 	
1698 	0.00048607497 	
1699 	0.00048648848 	
1700 	0.00048644196 	
1701 	0.00048643887 	
1702 	0.0004863144 	
1703 	0.00048649884 	
1704 	0.00048639158 	
1705 	0.00048570509 	
1706 	0.00048636771 	
1707 	0.00048600683 	
1708 	0.00048639592 	
1709 	0.00048664393 	
1710 	0.00048651374 	
1711 	0.00048614344 	
1712 	0.00048661322 	
1713 	0.00048559666 	
1714 	0.00048544674 	
1715 	0.00048651691 	
1716 	0.00048623756 	
1717 	0.00048613718 	
1718 	0.00048627427 	
1719 	0.00048675624 	
1720 	0.00048611895 	
1721 	0.00048684014 	
1722 	0.00048619949 	
1723 	0.00048646754 	
1724 	0.000486436 	
1725 	0.00048643893 	
1726 	0.00048660706 	
1727 	0.00048634612 	
1728 	0.00048633596 	
1729 	0.00048622107 	
1730 	0.00048599378 	
1731 	0.00048659455 	
1732 	0.00048631475 	
1733 	0.00048641028 	
1734 	0.00048615621 	
1735 	0.00048674696 	
1736 	0.00048636172 	
1737 	0.00048645106 	
1738 	0.00048666284 	
1739 	0.00048635821 	
1740 	0.00048581091 	
1741 	0.00048687711 	
1742 	0.00048628933 	
1743 	0.00048619978 	
1744 	0.00048606319 	
1745 	0.00048665005 	
1746 	0.0004864292 	
1747 	0.00048676539 	
1748 	0.00048626761 	
1749 	0.00048613367 	
1750 	0.00048619323 	
1751 	0.0004859382 	
1752 	0.00048644189 	
1753 	0.00048661018 	
1754 	0.00048737487 	
1755 	0.00048684889 	
1756 	0.000487514 	
1757 	0.00048636381 	
1758 	0.00048651 	
1759 	0.00048574606 	
1760 	0.00048597004 	
1761 	0.00048545591 	
1762 	0.00048634576 	
1763 	0.00048602872 	
1764 	0.00048611503 	
1765 	0.00048647911 	
1766 	0.00048612202 	
1767 	0.00048621466 	
1768 	0.00048614943 	
1769 	0.0004865228 	
1770 	0.00048627689 	
1771 	0.0004864081 	
1772 	0.00048648257 	
1773 	0.00048649459 	
1774 	0.00048631713 	
1775 	0.000486333 	
1776 	0.00048611814 	
1777 	0.00048662554 	
1778 	0.00048610941 	
1779 	0.00048638637 	
1780 	0.00048646697 	
1781 	0.00048601589 	
1782 	0.00048615257 	
1783 	0.00048671232 	
1784 	0.00048632363 	
1785 	0.00048649819 	
1786 	0.00048660347 	
1787 	0.00048623979 	
1788 	0.00048658833 	
1789 	0.00048631447 	
1790 	0.00048606828 	
1791 	0.00048649774 	
1792 	0.00048589845 	
1793 	0.00048608135 	
1794 	0.00048612162 	
1795 	0.0004866939 	
1796 	0.0004862618 	
1797 	0.00048651316 	
1798 	0.00048655425 	
1799 	0.00048682469 	
1800 	0.00048673698 	
1801 	0.00048602802 	
1802 	0.00048623024 	
1803 	0.00048654704 	
1804 	0.00048619324 	
1805 	0.00048584521 	
1806 	0.00048640803 	
1807 	0.00048628122 	
1808 	0.00048580188 	
1809 	0.00048676781 	
1810 	0.00048647346 	
1811 	0.00048623658 	
1812 	0.00048672153 	
1813 	0.00048682415 	
1814 	0.00048590103 	
1815 	0.0004865166 	
1816 	0.00048623055 	
1817 	0.00048645463 	
1818 	0.00048630801 	
1819 	0.00048662221 	
1820 	0.00048601922 	
1821 	0.00048576106 	
1822 	0.00048650359 	
1823 	0.00048611221 	
1824 	0.00048639889 	
1825 	0.00048646359 	
1826 	0.0004866779 	
1827 	0.00048615581 	
1828 	0.00048660366 	
1829 	0.00048618408 	
1830 	0.00048650978 	
1831 	0.00048630547 	
1832 	0.00048644474 	
1833 	0.00048678397 	
1834 	0.00048632651 	
1835 	0.00048617122 	
1836 	0.00048645472 	
1837 	0.00048642025 	
1838 	0.00048632066 	
1839 	0.0004866534 	
1840 	0.00048645115 	
1841 	0.00048622424 	
1842 	0.00048611576 	
1843 	0.00048656052 	
1844 	0.00048643596 	
1845 	0.00048582985 	
1846 	0.00048646992 	
1847 	0.00048651034 	
1848 	0.00048645526 	
1849 	0.00048592853 	
1850 	0.00048656022 	
1851 	0.00048590047 	
1852 	0.00048649212 	
1853 	0.00048599387 	
1854 	0.00048606325 	
1855 	0.00048644201 	
1856 	0.00048628011 	
1857 	0.00048628354 	
1858 	0.00048672174 	
1859 	0.00048702964 	
1860 	0.00048646439 	
1861 	0.00048625184 	
1862 	0.00048747181 	
1863 	0.00048628359 	
1864 	0.00048672474 	
1865 	0.00048652015 	
1866 	0.0004856861 	
1867 	0.00048584174 	
1868 	0.00048606247 	
1869 	0.00048664157 	
1870 	0.00048668126 	
1871 	0.00048606256 	
1872 	0.00048555519 	
1873 	0.00048641101 	
1874 	0.000486439 	
1875 	0.00048609089 	
1876 	0.00048612802 	
1877 	0.00048634207 	
1878 	0.00048670936 	
1879 	0.00048690553 	
1880 	0.00048618721 	
1881 	0.00048655426 	
1882 	0.00048664957 	
1883 	0.00048658827 	
1884 	0.00048602208 	
1885 	0.00048612525 	
1886 	0.0004869208 	
1887 	0.00048590432 	
1888 	0.00048637696 	
1889 	0.00048629598 	
1890 	0.00048649423 	
1891 	0.00048652287 	
1892 	0.00048602173 	
1893 	0.00048643267 	
1894 	0.0004856925 	
1895 	0.0004862957 	
1896 	0.00048643888 	
1897 	0.00048655045 	
1898 	0.0004865872 	
1899 	0.00048666287 	
1900 	0.00048643844 	
1901 	0.00048675005 	
1902 	0.00048614031 	
1903 	0.00048629229 	
1904 	0.00048592917 	
1905 	0.00048609071 	
1906 	0.00048637058 	
1907 	0.00048632689 	
1908 	0.00048647296 	
1909 	0.0004866412 	
1910 	0.00048628922 	
1911 	0.00048634557 	
1912 	0.00048584807 	
1913 	0.00048634947 	
1914 	0.00048667818 	
1915 	0.00048600963 	
1916 	0.0004856239 	
1917 	0.00048666939 	
1918 	0.00048647597 	
1919 	0.0004866938 	
1920 	0.00048621217 	
1921 	0.00048560589 	
1922 	0.00048607239 	
1923 	0.00048701041 	
1924 	0.00048641415 	
1925 	0.0004867565 	
1926 	0.00048670628 	
1927 	0.0004862773 	
1928 	0.00048629932 	
1929 	0.00048595661 	
1930 	0.00048638927 	
1931 	0.00048668772 	
1932 	0.00048654183 	
1933 	0.00048610884 	
1934 	0.00048652622 	
1935 	0.00048662276 	
1936 	0.00048609328 	
1937 	0.00048586408 	
1938 	0.00048671832 	
1939 	0.00048621155 	
1940 	0.00048597304 	
1941 	0.00048634845 	
1942 	0.0004858236 	
1943 	0.0004858727 	
1944 	0.00048625269 	
1945 	0.00048594141 	
1946 	0.00048631465 	
1947 	0.00048623739 	
1948 	0.00048625835 	
1949 	0.0004868215 	
1950 	0.0004881495 	
1951 	0.00048632407 	
1952 	0.00048571122 	
1953 	0.00048676563 	
1954 	0.00048642008 	
1955 	0.00048614963 	
1956 	0.00048708911 	
1957 	0.00048604114 	
1958 	0.00048644868 	
1959 	0.0004871803 	
1960 	0.00048942738 	
1961 	0.00048663188 	
1962 	0.00048636161 	
1963 	0.00048651656 	
1964 	0.00048676355 	
1965 	0.00048655136 	
1966 	0.00048691154 	
1967 	0.00048664434 	
1968 	0.00048672565 	
1969 	0.00048939853 	
1970 	0.00049016038 	
1971 	0.00048762189 	
1972 	0.00048652035 	
1973 	0.00048636098 	
1974 	0.00048672578 	
1975 	0.00048645208 	
1976 	0.00048634572 	
1977 	0.00048585711 	
1978 	0.0004859325 	
1979 	0.00048622133 	
1980 	0.0004861905 	
1981 	0.0004862176 	
1982 	0.00048562442 	
1983 	0.00048578269 	
1984 	0.00048633658 	
1985 	0.00048531639 	
1986 	0.00048565316 	
1987 	0.00048576067 	
1988 	0.00048585504 	
1989 	0.00048597538 	
1990 	0.00048605973 	
1991 	0.00048513304 	
1992 	0.00048554008 	
1993 	0.00048580124 	
1994 	0.0004856238 	
1995 	0.00048532926 	
1996 	0.00048568332 	
1997 	0.00048513241 	
1998 	0.0004854041 	
1999 	0.00048519538 	
2000 	0.00048533207 	
2001 	0.0004854497 	
2002 	0.00048493672 	
2003 	0.00048503045 	
2004 	0.00048538193 	
2005 	0.00048528859 	
2006 	0.00048535387 	
2007 	0.00048555858 	
2008 	0.00048529456 	
2009 	0.00048545374 	
2010 	0.00048467875 	
2011 	0.00048504614 	
2012 	0.00048488419 	
2013 	0.00048465433 	
2014 	0.00048497809 	
2015 	0.00048440886 	
2016 	0.00048461694 	
2017 	0.00048417503 	
2018 	0.00048418109 	
2019 	0.00048414704 	
2020 	0.00048410058 	
2021 	0.000484393 	
2022 	0.00048399213 	
2023 	0.00048381713 	
2024 	0.00048392583 	
2025 	0.00048351625 	
2026 	0.0004842466 	
2027 	0.00048400388 	
2028 	0.00048385515 	
2029 	0.00048393631 	
2030 	0.00048360928 	
2031 	0.00048389518 	
2032 	0.00048321108 	
2033 	0.00048297754 	
2034 	0.00048269805 	
2035 	0.000482773 	
2036 	0.00048281006 	
2037 	0.0004825704 	
2038 	0.0004827258 	
2039 	0.00048241253 	
2040 	0.00048250447 	
2041 	0.00048198949 	
2042 	0.00048249656 	
2043 	0.00048147592 	
2044 	0.00048180933 	
2045 	0.00048185226 	
2046 	0.00048139209 	
2047 	0.00048136725 	
